     Ag,     Ir,     Pd,     Pt,     Ru, activity
0.28422,0.06627,0.09238,0.23711,0.32002,0.0404594
0.21594,0.26615,0.01208,0.21685,0.28899,0.0252269
0.46286,0.00363,0.39003,0.00164,0.14184,0.0865126
0.10003,0.00235,0.89417,0.00103,0.00241,0.1862218
0.00244,0.00166,0.99174,0.00107,0.00309,0.0669401
0.39170,0.03021,0.27855,0.08856,0.21099,0.0813215
0.21630,0.00223,0.76214,0.00781,0.01152,0.1798326
0.12712,0.05816,0.81011,0.00194,0.00267,0.1653491
0.15364,0.00118,0.83827,0.00206,0.00484,0.1974445
0.10148,0.00008,0.79250,0.00156,0.10438,0.1391252
0.29626,0.00441,0.53589,0.16201,0.00143,0.1243160
0.33098,0.18966,0.46769,0.00982,0.00184,0.1276420
0.23562,0.08559,0.47422,0.02161,0.18296,0.1280036
0.18016,0.20957,0.35591,0.18797,0.06639,0.1123713
0.22188,0.30877,0.29686,0.00311,0.16939,0.0881961
0.06883,0.00079,0.40181,0.27801,0.25055,0.1248908
0.00309,0.14786,0.33607,0.12444,0.38854,0.0814028
0.10169,0.00370,0.77991,0.11186,0.00283,0.1395679
0.00066,0.09337,0.24271,0.47911,0.18415,0.0895680
0.23328,0.00207,0.30626,0.42511,0.03329,0.1028403
0.52160,0.29973,0.17315,0.00191,0.00361,0.0604407
0.00110,0.00090,0.49389,0.49185,0.01226,0.0908463
0.60171,0.00127,0.03035,0.36191,0.00475,0.0221762
0.00304,0.00410,0.11333,0.35204,0.52750,0.0326431
0.00275,0.00405,0.21947,0.76916,0.00457,0.0730446
0.20965,0.14903,0.00247,0.63546,0.00340,0.0606545
0.00126,0.56216,0.42906,0.00335,0.00418,0.0723954
0.18484,0.68007,0.12670,0.00480,0.00359,0.0234999
0.00003,0.44814,0.13922,0.41238,0.00023,0.1004283
0.25599,0.40074,0.00105,0.33955,0.00268,0.0526132
0.17995,0.00036,0.33339,0.00233,0.48397,0.0820079
0.00382,0.00161,0.13863,0.00291,0.85303,0.0014638
0.00041,0.60871,0.00254,0.25170,0.13663,0.0433140
0.94170,0.05474,0.00071,0.00015,0.00269,0.0388058
0.00147,0.35484,0.00083,0.64149,0.00137,0.1366467
0.00243,0.31228,0.00479,0.50993,0.17056,0.0742301
0.67615,0.00070,0.00138,0.00361,0.31815,0.0489677
0.00183,0.42301,0.00228,0.00097,0.57191,0.0000001
0.00205,0.22946,0.19812,0.56680,0.00356,0.0876921
0.37347,0.00022,0.00421,0.00384,0.61826,0.0153591
0.00434,0.30959,0.50937,0.00477,0.17194,0.1255108
0.73373,0.00415,0.25719,0.00106,0.00386,0.0264465
0.00416,0.29565,0.50064,0.19507,0.00449,0.1073753
0.00094,0.40301,0.30199,0.13552,0.15854,0.0716612
0.45030,0.00492,0.32197,0.21891,0.00391,0.0879122
0.47911,0.26991,0.00256,0.00146,0.24696,0.0132836
0.00112,0.00450,0.00087,0.77522,0.21829,0.0462452
0.00098,0.00083,0.56013,0.00128,0.43677,0.1385861
0.15015,0.34732,0.50010,0.00130,0.00113,0.1227111
0.00220,0.98923,0.00254,0.00105,0.00498,0.0000015
0.00140,0.00060,0.40450,0.00303,0.59048,0.0634815
0.00050,0.69351,0.00290,0.00358,0.29951,0.0000001
0.19511,0.00234,0.00496,0.52280,0.27479,0.0368923
0.45119,0.53985,0.00419,0.00325,0.00151,0.0080195
0.73974,0.25699,0.00220,0.00008,0.00099,0.0330312
0.00403,0.00010,0.56760,0.15030,0.27797,0.1519862
0.00419,0.12454,0.49935,0.20391,0.16801,0.1350978
0.00161,0.13229,0.54836,0.00403,0.31371,0.1483676
0.00312,0.00381,0.00107,0.22331,0.76869,0.0055445
0.26697,0.41786,0.30972,0.00155,0.00391,0.0872401
0.51574,0.24063,0.00006,0.23942,0.00415,0.0258534
0.00385,0.22901,0.00128,0.27933,0.48654,0.0111608
0.00193,0.00030,0.00182,0.99428,0.00166,0.0400191
0.53520,0.00041,0.00323,0.22468,0.23648,0.0253863
0.14582,0.17658,0.00071,0.00439,0.67249,0.0001000
0.00483,0.34459,0.27943,0.00271,0.36843,0.0379723
0.00387,0.50805,0.00150,0.48377,0.00281,0.1468520
0.13798,0.00067,0.54418,0.31403,0.00314,0.1249310
0.20730,0.00160,0.00124,0.78978,0.00009,0.0441559
0.42130,0.00028,0.00210,0.57374,0.00259,0.0251467
0.00116,0.19359,0.41269,0.39007,0.00249,0.0979372
0.21667,0.51331,0.00287,0.00404,0.26311,0.0012309
0.21294,0.00026,0.00391,0.23780,0.54509,0.0127412
0.00304,0.72430,0.00189,0.26580,0.00496,0.1060154
0.45047,0.00041,0.15954,0.00340,0.38618,0.0532535
0.00032,0.78729,0.20960,0.00162,0.00117,0.0151192
0.30670,0.16271,0.18361,0.34350,0.00348,0.0745897
0.12449,0.00256,0.55349,0.00363,0.31583,0.1375312
0.00236,0.30593,0.68866,0.00065,0.00241,0.1238250
0.29623,0.23663,0.00167,0.00124,0.46424,0.0027615
0.09352,0.16398,0.62799,0.00308,0.11144,0.1446913
0.00016,0.00166,0.44987,0.15805,0.39026,0.1193198
0.15142,0.62563,0.00254,0.21610,0.00431,0.0443790
0.00125,0.00256,0.69286,0.30211,0.00123,0.0823185
0.17412,0.00269,0.81657,0.00308,0.00354,0.2005663
0.00283,0.00373,0.00135,0.54930,0.44279,0.0277620
0.10406,0.00361,0.17908,0.60317,0.11008,0.0862722
0.84193,0.00033,0.00440,0.00215,0.15120,0.0627108
0.14603,0.00419,0.54072,0.15345,0.15561,0.1363770
0.00067,0.26459,0.19382,0.31519,0.22574,0.0683359
0.62074,0.08265,0.14751,0.00500,0.14411,0.0578727
0.00429,0.17766,0.00363,0.81215,0.00227,0.0954132
0.17875,0.00159,0.81352,0.00223,0.00391,0.2023364
0.00393,0.00234,0.49695,0.33389,0.16288,0.1343516
0.82793,0.00271,0.00491,0.16136,0.00309,0.0222109
0.00461,0.16226,0.68529,0.14684,0.00100,0.1106998
0.19535,0.00283,0.79536,0.00277,0.00369,0.1967511
0.17612,0.00045,0.82144,0.00189,0.00010,0.2060992
0.00039,0.61297,0.19142,0.19521,0.00001,0.0599403
0.10803,0.14383,0.43121,0.00298,0.31394,0.1243091
0.23490,0.00054,0.75888,0.00228,0.00340,0.1893616
0.29886,0.37560,0.17105,0.15299,0.00149,0.0635525
0.00393,0.17858,0.15504,0.00243,0.66003,0.0037854
0.34573,0.00320,0.16095,0.36206,0.12807,0.0640698
0.00034,0.61195,0.21578,0.00282,0.16911,0.0198112
0.00273,0.00149,0.70920,0.00014,0.28644,0.1499596
0.43145,0.00434,0.55769,0.00303,0.00349,0.0960035
0.00462,0.00382,0.69650,0.12008,0.17499,0.1447947
0.19611,0.09609,0.69957,0.00330,0.00494,0.1488961
0.00108,0.45943,0.00154,0.16433,0.37362,0.0045349
0.17355,0.00185,0.12959,0.00313,0.69189,0.0179803
0.00061,0.00459,0.19652,0.50862,0.28967,0.0770027
0.51946,0.13042,0.34921,0.00059,0.00032,0.0935635
0.16076,0.14609,0.53662,0.15535,0.00119,0.1286661
0.08914,0.38817,0.00333,0.51611,0.00324,0.0953174
0.31627,0.14409,0.24251,0.00414,0.29299,0.0783788
0.36985,0.17215,0.32609,0.12965,0.00227,0.0986153
0.32968,0.14644,0.00009,0.39902,0.12477,0.0340157
0.00316,0.16472,0.00141,0.67866,0.15205,0.0718458
0.10888,0.33505,0.29853,0.25670,0.00085,0.0906370
0.00448,0.13419,0.69695,0.00001,0.16438,0.1497919
0.17011,0.82154,0.00457,0.00321,0.00057,0.0012470
0.21898,0.00222,0.38537,0.27442,0.11901,0.1190722
0.00215,0.00044,0.32180,0.56815,0.10746,0.1021526
0.14558,0.00056,0.23989,0.15745,0.45652,0.0656526
0.12932,0.00300,0.27646,0.58981,0.00141,0.0944793
0.00358,0.09330,0.59158,0.07374,0.23780,0.1564930
0.73104,0.12288,0.00242,0.00276,0.14090,0.0440859
0.13796,0.29867,0.13785,0.00499,0.42053,0.0236997
0.27774,0.00419,0.43700,0.00242,0.27864,0.1122156
0.65769,0.00213,0.17167,0.16439,0.00413,0.0494427
0.13298,0.13418,0.21288,0.38309,0.13687,0.0892242
0.00018,0.14766,0.84893,0.00266,0.00057,0.1150710
0.00402,0.85671,0.00044,0.00343,0.13541,0.0000616
0.00164,0.00053,0.00167,0.00410,0.99207,0.0000000
0.14351,0.09734,0.40292,0.35374,0.00249,0.1139297
0.21428,0.00194,0.70821,0.00051,0.07506,0.1326371
0.00124,0.16466,0.00318,0.48745,0.34347,0.0380472
0.37209,0.39214,0.00015,0.13215,0.10348,0.0164191
0.43405,0.00145,0.00451,0.11890,0.44109,0.0211787
0.11612,0.12603,0.40370,0.12538,0.22877,0.1232419
0.11795,0.41626,0.10961,0.23469,0.12149,0.0541848
0.35694,0.18145,0.35576,0.00296,0.10288,0.1042613
0.00283,0.15746,0.00302,0.00090,0.83580,0.0000001
0.00085,0.00305,0.35977,0.33492,0.30141,0.1166220
0.00298,0.00370,0.20198,0.14221,0.64913,0.0228207
0.13277,0.00407,0.22122,0.37681,0.26512,0.0825774
0.07584,0.00391,0.63560,0.00169,0.28295,0.1515222
0.08679,0.00092,0.50847,0.09431,0.30951,0.1400760
0.00060,0.00405,0.60667,0.23164,0.15705,0.1357075
