     Ag,     Ir,     Pd,     Pt,     Ru, activity
0.28733,0.16196,0.35034,0.02736,0.17301,0.1067142
0.22663,0.27676,0.19005,0.21971,0.08684,0.0765937
0.00471,0.00495,0.90329,0.00005,0.08700,0.1078017
0.00073,0.00358,0.34133,0.00382,0.65054,0.0403757
0.37145,0.00401,0.62213,0.00041,0.00200,0.1190513
0.12913,0.23814,0.62478,0.00461,0.00334,0.1392559
0.00357,0.39027,0.59871,0.00386,0.00360,0.1116711
0.12302,0.10683,0.62958,0.13744,0.00313,0.1318300
0.18205,0.16683,0.64557,0.00171,0.00383,0.1467403
0.15322,0.13427,0.63695,0.00261,0.07295,0.1431559
0.17349,0.15214,0.67025,0.00205,0.00207,0.1422281
0.19099,0.17053,0.63337,0.00348,0.00163,0.1465098
0.00122,0.00076,0.00093,0.99665,0.00043,0.0398630
0.19471,0.17415,0.62639,0.00250,0.00225,0.1440001
0.18611,0.16257,0.64559,0.00219,0.00354,0.1448956
0.18557,0.16360,0.64741,0.00225,0.00117,0.1454955
0.18428,0.16526,0.64869,0.00093,0.00085,0.1440161
0.16712,0.15175,0.63283,0.00272,0.04558,0.1451010
0.16662,0.14759,0.62978,0.00461,0.05140,0.1465483
0.16692,0.14928,0.63432,0.00036,0.04912,0.1419219
0.20336,0.18100,0.61376,0.00152,0.00036,0.1437840
0.17629,0.15746,0.65872,0.00308,0.00445,0.1412609
0.18125,0.16214,0.62055,0.00476,0.03130,0.1426249
0.00328,0.98848,0.00303,0.00427,0.00095,0.0003101
0.18749,0.17010,0.64091,0.00034,0.00115,0.1453250
0.17282,0.15545,0.63231,0.00368,0.03575,0.1449033
0.00046,0.00336,0.40587,0.38525,0.20505,0.1304834
0.00230,0.00208,0.43780,0.55580,0.00202,0.0907785
0.00202,0.00114,0.00503,0.55673,0.43508,0.0286586
0.00050,0.00386,0.57858,0.18722,0.22984,0.1465971
0.00200,0.00308,0.57370,0.19365,0.22758,0.1511612
0.00015,0.06895,0.56692,0.15583,0.20816,0.1454495
0.00338,0.00112,0.57957,0.18709,0.22884,0.1507477
0.05371,0.00265,0.57840,0.14858,0.21665,0.1559148
0.09168,0.00151,0.56560,0.13069,0.21051,0.1459371
0.00239,0.00021,0.58823,0.16905,0.24012,0.1485100
0.04276,0.00081,0.58217,0.16039,0.21386,0.1516107
0.98813,0.00489,0.00196,0.00076,0.00426,0.0190591
0.05188,0.00325,0.58145,0.15303,0.21038,0.1469118
0.00468,0.00286,0.58381,0.18058,0.22808,0.1489212
0.03496,0.00360,0.57807,0.16658,0.21679,0.1467671
0.00091,0.00314,0.58501,0.17530,0.23565,0.1526085
0.00431,0.00032,0.58544,0.16630,0.24363,0.1554492
0.00488,0.00249,0.60274,0.12688,0.26300,0.1525008
0.00119,0.00149,0.60959,0.12119,0.26655,0.1475343
0.00238,0.00277,0.58819,0.16078,0.24587,0.1514317
0.00138,0.00081,0.58862,0.16149,0.24770,0.1555333
0.00014,0.00465,0.58618,0.14991,0.25912,0.1434678
0.00326,0.00373,0.59765,0.17608,0.21928,0.1523670
0.00211,0.00351,0.59967,0.17696,0.21775,0.1493245
0.00185,0.00108,0.59496,0.17949,0.22260,0.1489316
0.00113,0.00419,0.59389,0.17384,0.22695,0.1515464
0.47781,0.00352,0.00195,0.51618,0.00055,0.0218386
0.00220,0.00223,0.59246,0.17529,0.22782,0.1498603
0.00307,0.00071,0.59033,0.17807,0.22781,0.1454310
0.00435,0.00211,0.58108,0.16716,0.24530,0.1545899
0.00208,0.00167,0.57679,0.16787,0.25160,0.1517087
0.00164,0.00322,0.57227,0.17153,0.25134,0.1499978
0.00007,0.00383,0.57119,0.17204,0.25287,0.1510561
0.00086,0.00086,0.57643,0.17133,0.25053,0.1488248
0.00211,0.00341,0.58115,0.16753,0.24580,0.1517067
0.00201,0.00165,0.57780,0.17087,0.24766,0.1532779
0.00052,0.00032,0.58019,0.17122,0.24776,0.1534752
0.00097,0.00286,0.57074,0.16854,0.25690,0.1505357
0.00192,0.00309,0.57254,0.16825,0.25420,0.1545853
0.00339,0.00141,0.56530,0.17375,0.25616,0.1480793
0.24334,0.24140,0.51071,0.00054,0.00400,0.1312457
0.03774,0.00367,0.59258,0.12451,0.24149,0.1494391
0.00437,0.00379,0.56355,0.17554,0.25276,0.1482885
0.00413,0.00319,0.57073,0.17177,0.25019,0.1494690
0.00296,0.00256,0.58871,0.16264,0.24313,0.1511009
0.03023,0.00439,0.60382,0.12118,0.24038,0.1574334
0.03587,0.00277,0.60874,0.10949,0.24313,0.1521705
0.03921,0.00197,0.61254,0.10519,0.24109,0.1475292
0.02804,0.00430,0.60680,0.11892,0.24194,0.1550468
0.03405,0.00495,0.61029,0.10871,0.24200,0.1518894
0.03494,0.00119,0.60959,0.11259,0.24170,0.1538668
0.04035,0.00088,0.61348,0.10278,0.24251,0.1507984
0.03719,0.00421,0.61128,0.10404,0.24328,0.1487003
0.02959,0.00123,0.60736,0.11990,0.24192,0.1492357
0.00250,0.00125,0.60894,0.13267,0.25464,0.1518432
0.00409,0.00166,0.60598,0.13298,0.25530,0.1460548
0.04155,0.00267,0.59752,0.12723,0.23104,0.1528241
0.04181,0.00082,0.59509,0.12908,0.23319,0.1473405
0.03692,0.00158,0.59643,0.12946,0.23561,0.1470302
0.00024,0.00458,0.60408,0.14181,0.24929,0.1554456
0.00047,0.00379,0.60691,0.13648,0.25235,0.1542772
0.00228,0.00382,0.61356,0.12788,0.25247,0.1501211
0.00186,0.00034,0.60648,0.14139,0.24993,0.1500545
0.00496,0.00245,0.61113,0.12962,0.25184,0.1484938
0.00347,0.00480,0.60497,0.13893,0.24784,0.1513309
0.00349,0.00397,0.60599,0.13844,0.24810,0.1492962
0.00498,0.00014,0.60288,0.14564,0.24635,0.1476631
0.01080,0.04332,0.60231,0.10962,0.23395,0.1583485
0.00737,0.05869,0.60284,0.09806,0.23304,0.1524388
0.00761,0.05938,0.60459,0.09791,0.23050,0.1535096
0.00772,0.06568,0.60653,0.08997,0.23009,0.1505855
0.01008,0.06048,0.60108,0.09620,0.23216,0.1526595
0.01029,0.06404,0.59977,0.09591,0.22998,0.1490505
0.01273,0.05461,0.60256,0.09949,0.23059,0.1558310
0.01023,0.06265,0.60318,0.09397,0.22997,0.1556503
0.00829,0.06879,0.60279,0.09058,0.22955,0.1509695
0.00691,0.06460,0.60520,0.09298,0.23031,0.1541119
0.00384,0.06504,0.60521,0.09182,0.23409,0.1540204
0.00203,0.07098,0.60893,0.08481,0.23325,0.1545602
0.00279,0.07542,0.61103,0.07934,0.23142,0.1543790
0.00227,0.07969,0.61546,0.06879,0.23379,0.1517900
0.00479,0.07489,0.60723,0.07923,0.23385,0.1546290
0.00212,0.07780,0.61292,0.07508,0.23208,0.1522678
0.00133,0.07557,0.60817,0.08014,0.23478,0.1534638
0.00010,0.07553,0.60637,0.08117,0.23683,0.1565605
0.00361,0.08560,0.61971,0.05706,0.23402,0.1540457
0.00491,0.08836,0.62592,0.04598,0.23483,0.1538640
0.00428,0.08840,0.62719,0.04235,0.23777,0.1515383
0.00202,0.08148,0.60637,0.07772,0.23241,0.1514928
0.03680,0.10258,0.63382,0.00843,0.21836,0.1594424
0.03468,0.10289,0.63397,0.00356,0.22491,0.1593020
0.02539,0.10462,0.63390,0.00360,0.23249,0.1571948
0.01696,0.10815,0.63681,0.00099,0.23709,0.1587679
0.00474,0.10418,0.63931,0.00406,0.24771,0.1615739
0.00437,0.10158,0.63792,0.00332,0.25281,0.1567760
0.00101,0.10328,0.64083,0.00284,0.25203,0.1613449
0.00239,0.10212,0.64066,0.00101,0.25381,0.1551423
0.00412,0.10060,0.64249,0.00322,0.24956,0.1593763
0.00012,0.10295,0.64370,0.00122,0.25202,0.1592710
0.00322,0.10001,0.64100,0.00344,0.25233,0.1650638
0.00347,0.09166,0.64389,0.00315,0.25783,0.1601879
0.00261,0.09554,0.64428,0.00011,0.25746,0.1616001
0.00488,0.07722,0.64644,0.00259,0.26887,0.1672145
0.00357,0.53716,0.00351,0.00236,0.45341,0.0000001
0.55633,0.00340,0.00429,0.00321,0.43277,0.0346541
0.00401,0.40875,0.00093,0.58581,0.00050,0.1421931
0.00384,0.32103,0.18466,0.48866,0.00180,0.0950989
0.00302,0.29116,0.00340,0.69944,0.00298,0.1243156
0.54765,0.44342,0.00114,0.00487,0.00292,0.0133474
0.00405,0.05872,0.63923,0.00499,0.29301,0.1563146
0.00372,0.07626,0.65817,0.00327,0.25857,0.1630182
0.00453,0.06826,0.66057,0.00456,0.26209,0.1558493
0.32510,0.00287,0.42227,0.24754,0.00222,0.1107401
0.00113,0.09040,0.62667,0.00488,0.27692,0.1600526
0.00103,0.36950,0.00205,0.48327,0.14415,0.0786280
0.00136,0.08701,0.66466,0.00453,0.24244,0.1544991
0.00187,0.10151,0.61215,0.00345,0.28102,0.1559622
0.00022,0.09393,0.64856,0.00130,0.25599,0.1636280
0.00037,0.08841,0.65858,0.00240,0.25025,0.1594630
0.13951,0.33689,0.00298,0.51914,0.00148,0.0807824
0.00435,0.07430,0.65662,0.00189,0.26285,0.1640453
0.66041,0.00403,0.32591,0.00484,0.00481,0.0356968
0.18862,0.00464,0.26308,0.24206,0.30161,0.0893598
0.00366,0.06112,0.65230,0.00378,0.27914,0.1569400
