     Ag,     Ir,     Pd,     Pt,     Ru, activity
0.11267,0.39693,0.06722,0.07819,0.34499,0.0135994
0.48268,0.00476,0.27381,0.06127,0.17748,0.0755817
0.49835,0.00241,0.49462,0.00444,0.00018,0.0725905
0.83247,0.00030,0.16494,0.00012,0.00217,0.0139091
0.33783,0.00394,0.43928,0.05398,0.16497,0.1049218
0.17323,0.00478,0.55839,0.00485,0.25875,0.1344887
0.00236,0.00438,0.69018,0.00232,0.30076,0.1539968
0.00220,0.00025,0.66767,0.32680,0.00309,0.0860186
0.00187,0.00292,0.49172,0.00341,0.50008,0.1029006
0.00115,0.00422,0.82632,0.00406,0.16424,0.1264893
0.00342,0.13005,0.63238,0.00008,0.23408,0.1550212
0.00238,0.08562,0.64951,0.00171,0.26077,0.1609996
0.00238,0.05542,0.61753,0.07486,0.24981,0.1543789
0.33433,0.00267,0.02752,0.63270,0.00277,0.0344810
0.00203,0.08503,0.64663,0.00051,0.26581,0.1595331
0.00322,0.08306,0.64536,0.00408,0.26428,0.1604524
0.00113,0.08258,0.64596,0.00284,0.26749,0.1600096
0.00318,0.08886,0.64260,0.00103,0.26434,0.1609361
0.00123,0.08423,0.64204,0.00457,0.26793,0.1583386
0.00380,0.08639,0.64367,0.00174,0.26439,0.1579657
0.00054,0.08706,0.64664,0.00226,0.26350,0.1593242
0.00178,0.08712,0.64585,0.00245,0.26279,0.1668069
0.00185,0.08744,0.64571,0.00418,0.26081,0.1577318
0.00122,0.08638,0.64577,0.00307,0.26356,0.1603318
0.00207,0.08714,0.64513,0.00000,0.26565,0.1532952
0.00421,0.09746,0.64737,0.00390,0.24705,0.1559178
0.00136,0.07755,0.64639,0.00076,0.27394,0.1647238
0.00045,0.34001,0.45854,0.19949,0.00151,0.1009841
0.00253,0.09080,0.63934,0.00000,0.26734,0.1581818
0.00232,0.09289,0.63705,0.00398,0.26376,0.1602882
0.00172,0.00189,0.34403,0.41057,0.24179,0.1127012
0.00125,0.00087,0.00098,0.99284,0.00407,0.0399012
0.00349,0.10633,0.62160,0.00328,0.26529,0.1577952
0.00071,0.08238,0.64314,0.00161,0.27216,0.1531744
0.00486,0.10683,0.63993,0.00058,0.24779,0.1596817
0.00241,0.09228,0.61368,0.03942,0.25220,0.1582721
0.00104,0.10008,0.64067,0.00425,0.25396,0.1599390
0.00055,0.09846,0.64129,0.00055,0.25914,0.1616595
0.00076,0.40374,0.00299,0.58875,0.00376,0.1399988
0.00115,0.60472,0.00285,0.39104,0.00025,0.1390977
0.17612,0.43533,0.00354,0.38422,0.00078,0.0663137
0.00143,0.24869,0.00080,0.52830,0.22077,0.0613245
0.00366,0.98577,0.00482,0.00418,0.00157,0.0002397
0.00464,0.26711,0.22166,0.50541,0.00118,0.0952391
0.00425,0.11642,0.60344,0.00453,0.27136,0.1560501
0.00154,0.05634,0.62957,0.04858,0.26397,0.1631822
0.00183,0.05293,0.62804,0.05492,0.26228,0.1542741
0.00495,0.09624,0.65742,0.00167,0.23972,0.1580946
0.00239,0.07114,0.65335,0.00243,0.27069,0.1557213
0.00070,0.28215,0.70774,0.00461,0.00479,0.1213127
0.00318,0.00376,0.61995,0.09562,0.27749,0.1545364
0.22514,0.29353,0.47852,0.00016,0.00264,0.1196789
0.00459,0.00435,0.00237,0.00497,0.98372,0.0000000
0.00289,0.09934,0.65335,0.00409,0.24034,0.1547814
0.00327,0.09041,0.65085,0.00343,0.25204,0.1603412
0.00054,0.08831,0.65377,0.00346,0.25390,0.1600536
0.00387,0.09820,0.65021,0.00317,0.24456,0.1596831
0.00494,0.09669,0.65306,0.00250,0.24281,0.1574603
0.00391,0.09045,0.65366,0.00214,0.24984,0.1608742
0.00204,0.09093,0.65375,0.00211,0.25117,0.1606188
0.00264,0.09092,0.65350,0.00199,0.25096,0.1582093
0.00220,0.09323,0.65236,0.00198,0.25023,0.1522795
0.00046,0.08179,0.65148,0.00173,0.26455,0.1568994
0.00490,0.56981,0.41932,0.00232,0.00366,0.0695043
0.45777,0.00285,0.00077,0.00198,0.53663,0.0212637
0.58925,0.40935,0.00130,0.00009,0.00002,0.0162533
0.00076,0.09104,0.64804,0.00362,0.25653,0.1577292
0.00267,0.09783,0.64662,0.00232,0.25056,0.1592851
0.00277,0.09865,0.64540,0.00480,0.24839,0.1602496
0.00229,0.09671,0.64897,0.00194,0.25008,0.1557817
0.00205,0.09309,0.64781,0.00332,0.25372,0.1596886
0.00018,0.09016,0.63808,0.02247,0.24912,0.1573383
0.00302,0.09194,0.64857,0.00175,0.25472,0.1579910
0.00159,0.09043,0.64940,0.00117,0.25741,0.1556437
0.00089,0.08817,0.63564,0.02357,0.25173,0.1575272
0.02989,0.10259,0.63371,0.00425,0.22955,0.1604673
0.02960,0.10433,0.63417,0.00354,0.22836,0.1555148
0.00412,0.08740,0.63108,0.03017,0.24722,0.1588215
0.27075,0.00011,0.42194,0.30411,0.00309,0.1183445
0.02744,0.08850,0.64045,0.00459,0.23903,0.1567506
0.00396,0.07439,0.65124,0.00390,0.26651,0.1593547
0.00153,0.07882,0.65142,0.00111,0.26712,0.1612539
0.00000,0.07459,0.65661,0.00141,0.26739,0.1579572
0.00112,0.07806,0.65154,0.00290,0.26638,0.1578171
0.00474,0.07477,0.65235,0.00206,0.26608,0.1532475
0.00227,0.08444,0.63314,0.02685,0.25331,0.1547219
0.02359,0.09273,0.64243,0.00313,0.23812,0.1589975
0.00171,0.08718,0.64890,0.00257,0.25963,0.1630622
0.00453,0.07776,0.65395,0.00383,0.25993,0.1579409
0.00035,0.08579,0.65243,0.00118,0.26026,0.1632801
0.00359,0.08089,0.65235,0.00099,0.26218,0.1581190
0.00057,0.08406,0.65496,0.00061,0.25980,0.1598622
0.00020,0.08066,0.65519,0.00242,0.26153,0.1568476
0.00468,0.07962,0.65083,0.00217,0.26271,0.1581426
0.02308,0.09297,0.64313,0.00478,0.23604,0.1614378
0.02530,0.09399,0.64166,0.00241,0.23664,0.1571451
0.00154,0.08704,0.65290,0.00150,0.25702,0.1568128
0.18269,0.12738,0.68485,0.00204,0.00305,0.1506438
0.06000,0.09569,0.64417,0.00268,0.19746,0.1529075
0.03114,0.08044,0.64711,0.00390,0.23741,0.1599297
0.00429,0.07396,0.65064,0.00058,0.27054,0.1519722
0.03779,0.08929,0.64583,0.00486,0.22223,0.1631244
0.04082,0.08946,0.64455,0.00432,0.22085,0.1584294
0.03889,0.08976,0.64537,0.00410,0.22188,0.1590142
0.04174,0.08882,0.64608,0.00267,0.22070,0.1585024
0.03700,0.09166,0.64579,0.00043,0.22512,0.1576222
0.03683,0.08805,0.64572,0.00467,0.22473,0.1586285
0.03255,0.08785,0.64871,0.00471,0.22618,0.1613180
0.03944,0.09183,0.64923,0.00218,0.21731,0.1575690
0.03881,0.09335,0.64515,0.00214,0.22055,0.1556406
0.02613,0.08053,0.63637,0.02566,0.23130,0.1604339
0.02928,0.08274,0.63366,0.02705,0.22727,0.1576835
0.02847,0.08095,0.63725,0.02145,0.23188,0.1571370
0.02432,0.08582,0.65187,0.00022,0.23777,0.1578472
0.01987,0.08171,0.63681,0.02534,0.23628,0.1533522
0.00279,0.07850,0.65445,0.00259,0.26167,0.1578840
0.00119,0.08390,0.65089,0.00198,0.26204,0.1592410
0.21116,0.00116,0.68005,0.10745,0.00017,0.1514069
0.10138,0.05977,0.62433,0.07015,0.14437,0.1466662
0.18442,0.10319,0.62214,0.09020,0.00004,0.1428559
0.19459,0.00379,0.22262,0.27346,0.30554,0.0785088
0.00191,0.10262,0.62504,0.00311,0.26731,0.1594943
0.00007,0.10381,0.62526,0.00225,0.26861,0.1594885
0.00032,0.10217,0.62559,0.00486,0.26707,0.1610389
0.00389,0.10188,0.62206,0.00334,0.26883,0.1609251
0.00079,0.11032,0.61801,0.00256,0.26831,0.1609881
0.00085,0.11503,0.61338,0.00446,0.26628,0.1593924
0.00069,0.11207,0.61889,0.00030,0.26805,0.1627416
0.00322,0.12159,0.60638,0.00238,0.26644,0.1588885
0.00035,0.11707,0.61155,0.00168,0.26935,0.1597113
0.00011,0.11501,0.61457,0.00194,0.26836,0.1539852
0.67426,0.00194,0.00309,0.31681,0.00390,0.0162881
0.00129,0.00500,0.56089,0.13367,0.29915,0.1460527
0.00365,0.10447,0.62336,0.00065,0.26787,0.1508524
0.00392,0.09958,0.62969,0.00134,0.26548,0.1604857
0.00331,0.09789,0.62623,0.00449,0.26808,0.1571622
0.00013,0.10147,0.63126,0.00103,0.26611,0.1563509
0.00256,0.10225,0.63276,0.00001,0.26242,0.1611621
0.00106,0.10710,0.62734,0.00356,0.26095,0.1573882
0.00320,0.09283,0.62968,0.00456,0.26973,0.1601145
0.00171,0.09679,0.62962,0.00278,0.26910,0.1657853
0.00170,0.09244,0.63072,0.00193,0.27321,0.1524373
0.00425,0.11444,0.62768,0.00204,0.25159,0.1546740
0.00416,0.08681,0.63522,0.00041,0.27340,0.1536816
0.00367,0.11014,0.63471,0.00116,0.25032,0.1623929
0.00222,0.11807,0.63032,0.00276,0.24663,0.1523495
0.00214,0.08116,0.63904,0.00455,0.27310,0.1609139
0.22046,0.00317,0.77228,0.00190,0.00219,0.1944133
0.29080,0.70321,0.00308,0.00179,0.00112,0.0019866
0.00343,0.00010,0.31960,0.67396,0.00290,0.0815305
