     Ag,     Ir,     Pd,     Pt,     Ru, activity
0.04039,0.15170,0.19842,0.31355,0.29593,0.0721492
0.40436,0.19000,0.19104,0.10641,0.10819,0.0695243
0.00297,0.00446,0.00428,0.98626,0.00202,0.0442436
0.00291,0.00225,0.00094,0.00098,0.99292,0.0000000
0.04278,0.27489,0.37667,0.30104,0.00462,0.1023530
0.00418,0.14344,0.84515,0.00259,0.00464,0.1199784
0.00494,0.45043,0.54262,0.00048,0.00154,0.1007845
0.00127,0.00244,0.83846,0.15368,0.00415,0.0776703
0.09448,0.21894,0.68220,0.00317,0.00121,0.1375766
0.07842,0.16945,0.61013,0.00105,0.14095,0.1504146
0.00228,0.18082,0.62242,0.00230,0.19217,0.1529359
0.01081,0.10523,0.62442,0.00309,0.25644,0.1573678
0.03891,0.04689,0.60692,0.00175,0.30552,0.1510064
0.00380,0.12525,0.62238,0.00048,0.24809,0.1614855
0.00058,0.14024,0.55764,0.00413,0.29741,0.1509953
0.00110,0.10362,0.65650,0.00012,0.23866,0.1593576
0.39436,0.00419,0.59571,0.00169,0.00405,0.1130855
0.43559,0.00204,0.00093,0.55756,0.00388,0.0246317
0.00032,0.54539,0.00137,0.45062,0.00230,0.1464764
0.00248,0.75531,0.00245,0.23654,0.00322,0.0952136
0.14306,0.44416,0.00384,0.40856,0.00038,0.0750840
0.97341,0.00318,0.01820,0.00235,0.00285,0.0138224
0.51632,0.00339,0.00250,0.00215,0.47563,0.0290580
0.00471,0.52765,0.00421,0.00436,0.45907,0.0000026
0.00044,0.09467,0.66320,0.00170,0.23999,0.1553145
0.00220,0.11634,0.64739,0.00447,0.22960,0.1543233
0.00246,0.11529,0.64308,0.00065,0.23852,0.1555243
0.06251,0.09949,0.62057,0.00098,0.21645,0.1530019
0.00336,0.38162,0.00454,0.60774,0.00274,0.1389743
0.22994,0.00195,0.49799,0.00220,0.26792,0.1183642
0.00232,0.10875,0.64423,0.00080,0.24390,0.1562458
0.00450,0.00293,0.35126,0.63859,0.00272,0.0843758
0.30378,0.00444,0.44065,0.24618,0.00494,0.1202163
0.00201,0.06975,0.59069,0.08083,0.25672,0.1540732
0.00403,0.11224,0.63767,0.00296,0.24310,0.1582809
0.00338,0.11551,0.63804,0.00085,0.24222,0.1599290
0.29083,0.20779,0.49513,0.00314,0.00312,0.1301050
0.00116,0.10426,0.63918,0.00219,0.25321,0.1629047
0.63577,0.00462,0.35535,0.00101,0.00324,0.0383387
0.00428,0.08572,0.64581,0.00167,0.26252,0.1569887
0.00046,0.09453,0.63733,0.00216,0.26553,0.1647411
0.00411,0.06336,0.64157,0.00388,0.28707,0.1559274
0.00073,0.09950,0.63901,0.00009,0.26068,0.1579340
0.00437,0.09046,0.64231,0.00193,0.26093,0.1555986
0.00440,0.10047,0.63211,0.00420,0.25881,0.1577621
0.00131,0.10467,0.63477,0.00217,0.25708,0.1591431
0.00386,0.10195,0.63591,0.00398,0.25430,0.1661145
0.00220,0.10089,0.63720,0.00259,0.25713,0.1579523
0.00274,0.09917,0.63673,0.00229,0.25908,0.1586503
0.00112,0.10234,0.63593,0.00279,0.25781,0.1587775
0.00434,0.09547,0.62735,0.00424,0.26860,0.1571377
0.00189,0.10166,0.64068,0.00390,0.25187,0.1611671
0.00296,0.09954,0.64710,0.00355,0.24684,0.1614108
0.00406,0.09968,0.65158,0.00038,0.24430,0.1668732
0.00265,0.09348,0.65935,0.00122,0.24330,0.1576826
0.00436,0.09309,0.65902,0.00201,0.24152,0.1621824
0.00034,0.08613,0.66075,0.00490,0.24788,0.1526258
0.00282,0.10938,0.64722,0.00285,0.23774,0.1606987
0.00359,0.11010,0.64597,0.00065,0.23969,0.1586185
0.00173,0.11102,0.64232,0.00375,0.24118,0.1583628
0.00303,0.11180,0.64726,0.00158,0.23632,0.1621742
0.00350,0.00254,0.00069,0.68325,0.31002,0.0410227
0.00161,0.11287,0.64577,0.00369,0.23606,0.1584680
0.00367,0.11119,0.64762,0.00439,0.23313,0.1630554
0.00174,0.11025,0.65012,0.00158,0.23631,0.1608455
0.00198,0.00352,0.60051,0.09035,0.30365,0.1551236
0.00263,0.00146,0.52319,0.22698,0.24573,0.1485376
0.00067,0.09768,0.63148,0.03322,0.23695,0.1605862
0.00134,0.09246,0.62726,0.04017,0.23877,0.1599835
0.00000,0.09581,0.63291,0.03231,0.23897,0.1575381
0.00313,0.00493,0.55776,0.08944,0.34475,0.1418282
0.00049,0.10742,0.65711,0.00205,0.23294,0.1587841
0.00189,0.10004,0.63698,0.03318,0.22790,0.1595181
0.00317,0.09891,0.63528,0.03519,0.22744,0.1550723
0.00351,0.10247,0.66102,0.00158,0.23143,0.1617689
0.00176,0.10129,0.65926,0.00482,0.23287,0.1587399
0.00490,0.10435,0.66276,0.00014,0.22785,0.1540588
0.56902,0.42365,0.00162,0.00083,0.00489,0.0149670
0.09715,0.00478,0.58237,0.12957,0.18613,0.1465111
0.00446,0.43458,0.00379,0.45058,0.10660,0.0880570
0.14395,0.00007,0.38450,0.28529,0.18618,0.1239214
0.00046,0.10489,0.65744,0.00250,0.23471,0.1612051
0.00239,0.10435,0.66172,0.00265,0.22890,0.1598901
0.00075,0.10303,0.66018,0.00264,0.23340,0.1528966
0.00139,0.10988,0.65242,0.00009,0.23622,0.1540436
0.00044,0.00214,0.00086,0.33420,0.66236,0.0115827
0.00053,0.10880,0.64838,0.00271,0.23958,0.1623413
0.18211,0.59011,0.22067,0.00393,0.00317,0.0520273
0.00468,0.10523,0.62515,0.03554,0.22939,0.1600792
0.00184,0.11300,0.64631,0.00331,0.23554,0.1522946
0.00081,0.10718,0.64924,0.00098,0.24178,0.1608408
0.00237,0.10303,0.62492,0.03629,0.23339,0.1550253
0.00462,0.08712,0.66311,0.00480,0.24035,0.1617009
0.00433,0.08974,0.66391,0.00167,0.24035,0.1616237
0.00216,0.08631,0.66716,0.00384,0.24054,0.1580494
0.00334,0.09152,0.66321,0.00108,0.24085,0.1591096
0.00333,0.00395,0.37434,0.00017,0.61821,0.0523656
0.00247,0.09371,0.66458,0.00032,0.23893,0.1586416
0.00191,0.09523,0.65896,0.00048,0.24343,0.1557112
0.00422,0.09142,0.66040,0.00251,0.24145,0.1599844
0.00219,0.09442,0.65976,0.00438,0.23924,0.1632981
0.00379,0.08599,0.66594,0.00193,0.24235,0.1574541
0.00475,0.09317,0.66472,0.00134,0.23602,0.1597457
0.00359,0.09469,0.66031,0.00065,0.24076,0.1647398
0.00005,0.09267,0.66064,0.00354,0.24309,0.1608541
0.00001,0.08866,0.66400,0.00424,0.24309,0.1617007
0.00239,0.08623,0.66856,0.00330,0.23952,0.1570887
0.00288,0.08304,0.66904,0.00410,0.24094,0.1522056
0.00016,0.10455,0.65281,0.00438,0.23810,0.1605656
0.00472,0.10869,0.65241,0.00356,0.23062,0.1618336
0.00389,0.11226,0.65104,0.00130,0.23150,0.1545167
0.00016,0.10269,0.65320,0.00402,0.23993,0.1566982
0.00302,0.10679,0.65248,0.00141,0.23629,0.1611285
0.00241,0.10650,0.65413,0.00107,0.23589,0.1627973
0.00050,0.10557,0.64996,0.00495,0.23901,0.1589629
0.00339,0.10681,0.65540,0.00094,0.23345,0.1581060
0.00452,0.10275,0.65687,0.00149,0.23437,0.1536576
0.00165,0.10580,0.64889,0.00230,0.24136,0.1583096
0.18910,0.11073,0.58977,0.10988,0.00052,0.1385227
0.00045,0.10398,0.64949,0.00331,0.24277,0.1590104
0.00293,0.09947,0.63367,0.03004,0.23389,0.1585177
0.00500,0.09027,0.66028,0.00389,0.24057,0.1545215
0.00345,0.11191,0.64705,0.00062,0.23697,0.1606043
0.00447,0.11130,0.64634,0.00078,0.23711,0.1583608
0.00095,0.10978,0.64449,0.00483,0.23994,0.1600504
0.00409,0.00011,0.55252,0.26736,0.17591,0.1509981
0.00490,0.09699,0.62032,0.04985,0.22794,0.1559534
0.00466,0.11861,0.64050,0.00468,0.23155,0.1564600
0.00311,0.09303,0.62796,0.04454,0.23135,0.1536902
0.00192,0.10597,0.64893,0.00004,0.24314,0.1587508
0.00341,0.09832,0.62701,0.04203,0.22924,0.1595777
0.00145,0.10565,0.64491,0.00075,0.24723,0.1557873
0.00318,0.09609,0.62658,0.04075,0.23340,0.1581441
0.00017,0.10556,0.64556,0.00303,0.24568,0.1608759
0.00148,0.43185,0.09676,0.46900,0.00092,0.1061815
0.00349,0.09912,0.61253,0.06218,0.22268,0.1542918
0.00366,0.10103,0.61921,0.04709,0.22900,0.1579566
0.00263,0.08377,0.65289,0.00463,0.25608,0.1589541
0.00143,0.09408,0.65097,0.00251,0.25101,0.1597582
0.00258,0.09145,0.65240,0.00155,0.25202,0.1577286
0.00457,0.08573,0.65370,0.00130,0.25470,0.1541278
0.00178,0.10695,0.64671,0.00101,0.24355,0.1597855
0.00144,0.10457,0.64697,0.00091,0.24610,0.1593640
0.00416,0.10081,0.61461,0.05231,0.22810,0.1560496
0.00136,0.00393,0.47074,0.32380,0.20017,0.1331761
0.07952,0.00045,0.55230,0.36423,0.00350,0.1176014
0.00183,0.10554,0.64784,0.00134,0.24344,0.1610834
0.00380,0.11336,0.64855,0.00113,0.23315,0.1610460
0.00197,0.11380,0.64472,0.00291,0.23661,0.1591726
0.00450,0.10171,0.62989,0.03796,0.22593,0.1533123
