     Ir,     Pd,     Pt,     Rh,     Ru, activity
0.33752,0.26209,0.03740,0.14058,0.22240,0.0667836
0.08558,0.09182,0.34740,0.15959,0.31561,0.0477241
0.99219,0.00265,0.00079,0.00281,0.00156,0.0002371
0.06282,0.56100,0.00224,0.15647,0.21747,0.1561015
0.00333,0.94082,0.00207,0.01593,0.03785,0.0559224
0.00024,0.51635,0.00498,0.34279,0.13564,0.1072206
0.00381,0.53770,0.00133,0.07621,0.38096,0.1435866
0.04201,0.54981,0.15509,0.04395,0.20914,0.1550453
0.14948,0.58859,0.01824,0.00246,0.24123,0.1640042
0.24741,0.59824,0.09098,0.03858,0.02479,0.1104406
0.13024,0.48344,0.08096,0.00366,0.30170,0.1495726
0.00007,0.37652,0.61675,0.00217,0.00449,0.0651488
0.00427,0.00432,0.00329,0.98683,0.00129,0.0000006
0.00162,0.00167,0.54991,0.44517,0.00162,0.0605222
0.00043,0.42636,0.31023,0.25822,0.00475,0.0944842
0.38023,0.00035,0.61716,0.00099,0.00127,0.1681510
0.50526,0.00039,0.49305,0.00059,0.00071,0.1623866
0.36430,0.12837,0.49961,0.00469,0.00304,0.0945411
0.35991,0.00350,0.49126,0.14440,0.00092,0.1075831
0.00029,0.00037,0.00304,0.00105,0.99524,0.0000000
0.45893,0.00458,0.00291,0.00465,0.52894,0.0000026
0.08512,0.00032,0.90651,0.00421,0.00384,0.0971330
0.00249,0.00494,0.00172,0.52689,0.46396,0.0010109
0.43087,0.00114,0.00169,0.56433,0.00197,0.0004147
0.01295,0.67200,0.01881,0.00119,0.29505,0.1416805
0.33455,0.00037,0.54602,0.00455,0.11451,0.1313949
0.00190,0.69454,0.29577,0.00366,0.00413,0.0612105
0.00026,0.43295,0.12421,0.17691,0.26567,0.1419809
0.59311,0.39590,0.00373,0.00428,0.00298,0.0533212
0.00022,0.17279,0.21404,0.61163,0.00133,0.0169077
0.00050,0.00171,0.71901,0.00468,0.27410,0.0803714
0.00095,0.42360,0.25664,0.00354,0.31526,0.1393654
0.22831,0.52346,0.00147,0.24392,0.00284,0.1184077
0.71952,0.00230,0.00149,0.27254,0.00415,0.0005105
0.00030,0.27622,0.11236,0.00391,0.60722,0.0767775
0.21629,0.56939,0.00135,0.00341,0.20957,0.1527956
0.00398,0.73194,0.00119,0.25799,0.00490,0.0762060
0.00439,0.00057,0.37448,0.00242,0.61814,0.0205962
0.12730,0.54738,0.00481,0.09980,0.22072,0.1642052
0.12148,0.48873,0.00500,0.08113,0.30367,0.1550820
0.00470,0.00282,0.77961,0.21237,0.00050,0.0605438
0.00421,0.00322,0.00150,0.25726,0.73382,0.0002569
0.00419,0.24688,0.51057,0.00456,0.23381,0.0865072
0.00099,0.56905,0.10637,0.08455,0.23904,0.1545236
0.11747,0.50443,0.09308,0.11101,0.17401,0.1536324
0.15365,0.67574,0.00073,0.00150,0.16838,0.1441390
0.66254,0.00207,0.32830,0.00392,0.00317,0.1174284
0.00137,0.34765,0.00223,0.25159,0.39716,0.1126838
0.10840,0.53129,0.00365,0.00367,0.35300,0.1666998
0.73754,0.00205,0.00259,0.00188,0.25593,0.0000003
0.29813,0.00313,0.00032,0.35739,0.34103,0.0002629
0.18550,0.31209,0.00140,0.50002,0.00099,0.0534823
0.10355,0.47551,0.24766,0.00177,0.17151,0.1308536
0.12223,0.52915,0.00013,0.00426,0.34424,0.1602792
0.00067,0.54328,0.11961,0.00451,0.33193,0.1587679
0.33309,0.00120,0.65930,0.00464,0.00177,0.1602438
0.16454,0.41833,0.00208,0.00416,0.41088,0.1282659
0.08253,0.56079,0.07670,0.00155,0.27843,0.1627581
0.49704,0.00005,0.34019,0.00145,0.16127,0.0768565
0.00332,0.00101,0.32768,0.44634,0.22165,0.0120872
0.13325,0.52930,0.00240,0.10957,0.22548,0.1678823
0.24291,0.53008,0.00144,0.00482,0.22075,0.1460059
0.23360,0.27755,0.19665,0.28772,0.00448,0.0637021
0.08389,0.55978,0.07651,0.00357,0.27624,0.1602571
0.11411,0.54715,0.00105,0.09548,0.24220,0.1610585
0.00467,0.20817,0.53395,0.24973,0.00348,0.0490653
0.13928,0.45612,0.00277,0.19798,0.20386,0.1487173
0.00473,0.53028,0.00170,0.00194,0.46135,0.1482983
0.00245,0.48304,0.24625,0.08106,0.18719,0.1462486
0.00328,0.53364,0.12426,0.00082,0.33801,0.1578637
0.58707,0.18583,0.22535,0.00089,0.00087,0.0596999
0.18183,0.00134,0.46760,0.00470,0.34453,0.0666047
0.43393,0.31649,0.00399,0.24446,0.00113,0.0570041
0.17914,0.00147,0.25780,0.56002,0.00157,0.0151331
0.06777,0.48959,0.07467,0.07579,0.29218,0.1585701
0.00492,0.57664,0.11254,0.11742,0.18847,0.1491960
0.00303,0.15653,0.00133,0.65603,0.18309,0.0211889
0.20824,0.00379,0.00173,0.00167,0.78457,0.0000000
0.00090,0.48013,0.10846,0.07091,0.33960,0.1506522
0.10486,0.54406,0.07574,0.11997,0.15536,0.1574048
0.31544,0.00341,0.67614,0.00282,0.00219,0.1521791
0.10022,0.58821,0.00004,0.00413,0.30740,0.1584535
0.08520,0.57235,0.08513,0.00278,0.25455,0.1537014
0.09204,0.49381,0.06868,0.08037,0.26511,0.1559133
0.12593,0.58025,0.00073,0.09401,0.19908,0.1649039
0.12726,0.58165,0.00168,0.09379,0.19563,0.1608465
0.00306,0.58889,0.00004,0.12088,0.28713,0.1484143
0.24586,0.74703,0.00493,0.00156,0.00063,0.1058619
0.22024,0.00041,0.69963,0.00250,0.07721,0.1309349
0.09803,0.59075,0.00298,0.00448,0.30375,0.1674158
0.13835,0.58523,0.00211,0.09369,0.18062,0.1566185
0.00174,0.38652,0.16628,0.24185,0.20361,0.1155155
0.00430,0.00026,0.58624,0.18673,0.22246,0.0473029
0.00460,0.56628,0.17887,0.00310,0.24715,0.1510897
0.53602,0.00033,0.28865,0.17066,0.00433,0.0841002
0.00178,0.47577,0.00302,0.00031,0.51912,0.1410863
0.10207,0.52883,0.00054,0.07419,0.29437,0.1628708
0.00266,0.50308,0.30112,0.00341,0.18972,0.1371814
0.00259,0.40415,0.00200,0.59059,0.00068,0.0346073
0.09391,0.58459,0.00087,0.00223,0.31842,0.1663148
0.39769,0.59570,0.00409,0.00022,0.00230,0.0927118
0.14837,0.57986,0.00062,0.09832,0.17283,0.1613502
0.09515,0.52696,0.00464,0.07938,0.29388,0.1599926
0.00369,0.52009,0.10824,0.00277,0.36522,0.1556123
0.15916,0.46447,0.37017,0.00348,0.00272,0.0793186
0.09508,0.53773,0.00237,0.07180,0.29301,0.1652916
0.08306,0.53593,0.07420,0.00336,0.30345,0.1608244
0.09630,0.58628,0.00079,0.00167,0.31496,0.1601184
0.13806,0.48713,0.00178,0.15666,0.21636,0.1514213
0.08415,0.47566,0.11850,0.00145,0.32025,0.1484881
0.13136,0.46720,0.00042,0.19101,0.21002,0.1506348
0.08948,0.60473,0.08206,0.00304,0.22069,0.1525876
0.00482,0.62298,0.00115,0.00298,0.36807,0.1456599
0.09411,0.57263,0.13934,0.19124,0.00269,0.1125234
0.12411,0.40528,0.18014,0.00304,0.28743,0.1271345
0.09066,0.53222,0.00110,0.07363,0.30239,0.1683252
0.23540,0.00130,0.20546,0.00393,0.55391,0.0069999
0.00166,0.52960,0.00100,0.11516,0.35258,0.1457076
0.11641,0.57881,0.00076,0.00428,0.29974,0.1581944
0.10150,0.51254,0.00321,0.07760,0.30515,0.1640348
0.10624,0.30233,0.00265,0.11814,0.47064,0.0922462
0.00314,0.00345,0.22697,0.24563,0.52080,0.0087102
0.11868,0.60925,0.00433,0.09064,0.17710,0.1642306
0.12179,0.59159,0.00212,0.00307,0.28144,0.1640758
0.12111,0.33355,0.00017,0.32468,0.22049,0.1091938
0.00089,0.44995,0.29152,0.09653,0.16110,0.1420755
0.09122,0.51757,0.08204,0.08977,0.21940,0.1558462
0.00160,0.50332,0.12344,0.00401,0.36763,0.1562830
0.18253,0.55562,0.00411,0.08606,0.17167,0.1609842
0.00186,0.69331,0.00370,0.00447,0.29666,0.1319550
0.19540,0.00393,0.00198,0.79707,0.00162,0.0000470
0.10572,0.56122,0.00348,0.00049,0.32908,0.1609181
0.10050,0.56143,0.00460,0.00135,0.33213,0.1627059
0.44502,0.00438,0.54484,0.00488,0.00088,0.1658991
0.12253,0.61719,0.00286,0.10148,0.15594,0.1566979
0.20093,0.53880,0.00101,0.07787,0.18139,0.1526572
0.00016,0.57785,0.15500,0.00326,0.26374,0.1590055
0.29259,0.00304,0.28746,0.24447,0.17244,0.0363028
0.44369,0.00090,0.55069,0.00405,0.00067,0.1669572
0.00388,0.44215,0.19290,0.00117,0.35991,0.1387199
0.21094,0.54804,0.00315,0.00133,0.23654,0.1539820
0.49841,0.27279,0.00190,0.00001,0.22689,0.0461618
0.00346,0.49224,0.40005,0.10227,0.00198,0.0935820
0.00422,0.57235,0.11638,0.10802,0.19903,0.1512988
0.11353,0.62226,0.00006,0.09860,0.16556,0.1543271
0.21015,0.52919,0.00400,0.09913,0.15753,0.1498500
0.09024,0.50471,0.09671,0.09719,0.21115,0.1578872
0.00245,0.13163,0.86487,0.00038,0.00066,0.0537728
0.45227,0.00475,0.53744,0.00373,0.00181,0.1590161
0.00402,0.54363,0.08949,0.00499,0.35787,0.1549759
