     Ag,     Ir,     Pd,     Pt,     Ru, activity
0.25232,0.11674,0.34483,0.09864,0.18746,0.1053941
0.16058,0.31170,0.17213,0.26043,0.09516,0.0761479
0.90818,0.00047,0.08731,0.00181,0.00223,0.0115469
0.00315,0.10410,0.63631,0.04399,0.21246,0.1546349
0.00100,0.00040,0.05976,0.00353,0.93531,0.0000349
0.00165,0.00481,0.98805,0.00193,0.00355,0.0678510
0.00237,0.00187,0.53894,0.25139,0.20543,0.1484940
0.00200,0.22511,0.57370,0.15165,0.04754,0.1257240
0.00219,0.00317,0.57814,0.03516,0.38134,0.1445647
0.00454,0.16678,0.46095,0.07285,0.29488,0.1270870
0.00234,0.00002,0.26859,0.72871,0.00035,0.0760114
0.10694,0.00320,0.64063,0.04333,0.20590,0.1452403
0.00440,0.00295,0.00150,0.59222,0.39892,0.0300169
0.19305,0.00472,0.48665,0.31234,0.00324,0.1245857
0.45487,0.00499,0.00099,0.53797,0.00118,0.0236632
0.00267,0.99180,0.00250,0.00267,0.00035,0.0001776
0.26074,0.15825,0.57557,0.00059,0.00485,0.1368296
0.49854,0.49423,0.00233,0.00395,0.00096,0.0092613
0.43266,0.00303,0.55677,0.00339,0.00415,0.0930557
0.00352,0.51721,0.00173,0.00315,0.47440,0.0000003
0.10917,0.39974,0.48319,0.00464,0.00326,0.1134799
0.00180,0.00020,0.65359,0.11221,0.23220,0.1529343
0.00305,0.34375,0.00390,0.64478,0.00452,0.1342165
0.48365,0.00303,0.00369,0.00383,0.50581,0.0293652
0.00334,0.53103,0.00037,0.46264,0.00263,0.1463219
0.00010,0.00265,0.65460,0.33993,0.00272,0.0869663
0.00388,0.00372,0.52302,0.16500,0.30438,0.1448169
0.00009,0.34429,0.17099,0.48290,0.00173,0.0949095
0.00144,0.40316,0.00360,0.46376,0.12805,0.0823732
0.13249,0.39568,0.00350,0.46683,0.00150,0.0847469
0.10466,0.08341,0.55928,0.12379,0.12885,0.1453093
0.28044,0.20869,0.40505,0.10518,0.00064,0.1121953
0.00109,0.67618,0.00051,0.32083,0.00139,0.1248469
0.12319,0.00208,0.32236,0.36529,0.18708,0.1130474
0.00331,0.25442,0.73761,0.00066,0.00400,0.1263084
0.60425,0.00256,0.00385,0.19896,0.19038,0.0256425
0.00153,0.00467,0.71384,0.00152,0.27844,0.1548011
0.00171,0.00073,0.20698,0.23360,0.55698,0.0383744
0.34942,0.31122,0.00350,0.00092,0.33494,0.0070352
0.00369,0.11833,0.65715,0.00204,0.21878,0.1602322
0.00162,0.60968,0.25722,0.00131,0.13017,0.0294235
0.44593,0.00110,0.28701,0.26392,0.00204,0.0897958
0.26129,0.00292,0.00132,0.26931,0.46517,0.0181050
0.21656,0.00246,0.77382,0.00278,0.00438,0.1846343
0.00355,0.00059,0.36094,0.00139,0.63353,0.0476256
0.25169,0.74177,0.00074,0.00471,0.00110,0.0014984
0.00290,0.00041,0.00106,0.99078,0.00485,0.0409728
0.00222,0.25664,0.00423,0.00225,0.73466,0.0000000
0.20618,0.00477,0.00270,0.78476,0.00159,0.0436399
0.61682,0.19780,0.00309,0.17935,0.00294,0.0238798
0.00020,0.53207,0.24220,0.22497,0.00057,0.0713797
0.58466,0.17797,0.23151,0.00302,0.00285,0.0738636
0.30530,0.42831,0.26342,0.00197,0.00100,0.0767817
0.27152,0.00102,0.26887,0.00061,0.45798,0.0694528
0.00269,0.10503,0.42413,0.46358,0.00456,0.0985027
0.22911,0.00252,0.26044,0.50630,0.00164,0.0960155
0.55252,0.00364,0.21411,0.00134,0.22839,0.0680028
0.00230,0.29744,0.54067,0.00409,0.15550,0.1319830
0.13766,0.30257,0.30438,0.00298,0.25240,0.0820051
0.00263,0.00006,0.28153,0.51939,0.19639,0.1043707
0.00279,0.24594,0.00429,0.27484,0.47214,0.0088044
0.20001,0.00239,0.78818,0.00487,0.00456,0.1964587
0.23543,0.00294,0.00052,0.00360,0.75751,0.0022052
0.18062,0.00011,0.75223,0.06226,0.00478,0.1617169
0.71063,0.13559,0.00496,0.00143,0.14739,0.0435014
0.00477,0.65222,0.00381,0.16094,0.17826,0.0165597
0.16177,0.05581,0.77554,0.00331,0.00357,0.1668361
0.23083,0.00090,0.00435,0.56593,0.19798,0.0386503
0.00129,0.15917,0.35060,0.28699,0.20196,0.1074827
0.33107,0.15822,0.17258,0.33517,0.00296,0.0705543
0.00204,0.00312,0.00352,0.80904,0.18228,0.0483014
0.18693,0.00160,0.75714,0.00387,0.05045,0.1489833
0.20709,0.55412,0.00298,0.23497,0.00084,0.0437363
0.00091,0.18651,0.00367,0.80754,0.00137,0.0969263
0.10421,0.18156,0.60717,0.00038,0.10669,0.1504448
0.35283,0.19369,0.00045,0.25251,0.20053,0.0263970
0.71159,0.00034,0.28278,0.00110,0.00418,0.0255273
0.00264,0.25087,0.23868,0.00186,0.50594,0.0227517
0.35211,0.00094,0.19315,0.21346,0.24035,0.0684906
0.43881,0.22428,0.17077,0.00279,0.16334,0.0617858
0.23018,0.00379,0.76104,0.00361,0.00138,0.1886274
0.12563,0.00398,0.54086,0.00444,0.32509,0.1332042
0.00461,0.15414,0.09903,0.60901,0.13320,0.0768170
0.22292,0.20051,0.00365,0.00295,0.56997,0.0011651
0.11116,0.20651,0.41529,0.26437,0.00266,0.1130363
0.00300,0.00105,0.45851,0.53420,0.00324,0.0892298
0.09300,0.00138,0.38687,0.16681,0.35194,0.1140062
0.18463,0.06358,0.74580,0.00187,0.00412,0.1580189
0.00092,0.77957,0.21094,0.00407,0.00451,0.0155702
0.00097,0.00037,0.00090,0.24330,0.75445,0.0053721
0.00194,0.10051,0.57659,0.00175,0.31920,0.1501111
0.22207,0.00221,0.77394,0.00080,0.00098,0.2001332
0.77734,0.00036,0.00491,0.21336,0.00404,0.0164192
0.20002,0.57948,0.00341,0.00377,0.21332,0.0012480
0.17257,0.18229,0.00001,0.64058,0.00454,0.0683542
0.00407,0.46278,0.52789,0.00181,0.00346,0.0994220
0.31087,0.00384,0.48393,0.00275,0.19861,0.1084691
0.00451,0.39756,0.16017,0.16031,0.27745,0.0284742
0.00144,0.00373,0.31556,0.34867,0.33061,0.0969335
0.25528,0.00360,0.73599,0.00269,0.00245,0.1880106
0.25955,0.00395,0.73024,0.00494,0.00132,0.1844974
0.25317,0.00192,0.66032,0.07987,0.00471,0.1431963
0.11390,0.11502,0.12268,0.34468,0.30371,0.0583693
0.00170,0.34896,0.43315,0.21342,0.00277,0.0962939
0.23285,0.00468,0.44994,0.19097,0.12156,0.1260998
0.14297,0.36873,0.00208,0.16926,0.31696,0.0153010
0.00059,0.00489,0.82640,0.00236,0.16576,0.1227822
0.00454,0.16513,0.15635,0.67358,0.00039,0.0899801
0.24444,0.23754,0.42319,0.00344,0.09139,0.1243308
0.40078,0.31780,0.14314,0.13684,0.00144,0.0539569
0.11556,0.12280,0.50445,0.00500,0.25219,0.1419886
0.00160,0.00122,0.49157,0.35667,0.14894,0.1358925
0.00330,0.00069,0.19114,0.00333,0.80154,0.0059718
0.11735,0.25156,0.62730,0.00175,0.00203,0.1385314
0.65083,0.00280,0.16299,0.18224,0.00113,0.0462809
0.15906,0.61446,0.21753,0.00499,0.00395,0.0469429
0.00081,0.28269,0.45973,0.00311,0.25366,0.1106596
0.00372,0.00135,0.85244,0.14195,0.00054,0.0779273
0.09488,0.12181,0.65113,0.13096,0.00122,0.1320622
0.78042,0.20944,0.00382,0.00358,0.00274,0.0325387
0.00411,0.81898,0.00464,0.16919,0.00307,0.0666439
0.61683,0.00446,0.00419,0.37369,0.00083,0.0143008
0.00262,0.00157,0.00057,0.41373,0.58151,0.0162544
0.35355,0.26312,0.00281,0.37723,0.00329,0.0418997
0.08641,0.27318,0.43168,0.10141,0.10733,0.1193215
0.00415,0.09960,0.58504,0.15050,0.16070,0.1438520
0.37391,0.10780,0.16232,0.00112,0.35485,0.0561642
0.18621,0.00063,0.80939,0.00297,0.00080,0.2053631
0.35764,0.00282,0.48272,0.15508,0.00174,0.1160907
0.41872,0.16590,0.40725,0.00422,0.00391,0.1121396
0.16495,0.00224,0.12893,0.10764,0.59623,0.0265031
0.77339,0.00144,0.00473,0.00306,0.21739,0.0623534
0.11399,0.00145,0.38396,0.49589,0.00471,0.1105695
0.00157,0.14125,0.73593,0.00028,0.12096,0.1441055
0.35685,0.00458,0.13129,0.40142,0.10586,0.0555388
0.00114,0.34391,0.65247,0.00046,0.00201,0.1236356
0.08596,0.00483,0.60479,0.19072,0.11369,0.1371389
0.00478,0.17849,0.00329,0.54334,0.27009,0.0530422
0.17659,0.00400,0.81690,0.00204,0.00047,0.2094571
0.11697,0.00341,0.14052,0.73652,0.00258,0.0752466
0.47987,0.00458,0.33203,0.08840,0.09512,0.0810582
0.00059,0.00148,0.14441,0.52240,0.33112,0.0600552
0.10686,0.09016,0.38938,0.00178,0.41182,0.1030554
0.16274,0.00050,0.83037,0.00364,0.00275,0.2031353
0.12562,0.15647,0.23524,0.48158,0.00111,0.0934273
0.15020,0.41009,0.27708,0.16165,0.00098,0.0821280
0.35744,0.42826,0.00276,0.10417,0.10738,0.0170512
0.98779,0.00151,0.00127,0.00446,0.00497,0.0152270
0.16377,0.00411,0.83053,0.00151,0.00009,0.2032652
0.00298,0.55324,0.07734,0.36203,0.00441,0.0955340
