     Ag,     Ir,     Pd,     Pt,     Ru, activity
0.37024,0.18030,0.02105,0.18809,0.24031,0.0274346
0.13612,0.12476,0.10589,0.24332,0.38992,0.0402938
0.00060,0.00298,0.10211,0.01521,0.87909,0.0012566
0.05340,0.15030,0.16181,0.38794,0.24655,0.0687384
0.00240,0.00160,0.20415,0.78718,0.00466,0.0736972
0.00280,0.19779,0.29752,0.49701,0.00488,0.0936338
0.00076,0.03483,0.65974,0.30262,0.00205,0.0941957
0.00074,0.31318,0.49300,0.18919,0.00389,0.1061414
0.00236,0.88156,0.11275,0.00198,0.00135,0.0034798
0.00273,0.27440,0.71784,0.00289,0.00214,0.1241903
0.00094,0.19257,0.80437,0.00212,0.00000,0.1217432
0.14675,0.16005,0.68779,0.00064,0.00478,0.1417067
0.29520,0.05031,0.65178,0.00186,0.00084,0.1384958
0.21786,0.13463,0.64013,0.00248,0.00490,0.1469608
0.16257,0.09152,0.61608,0.00315,0.12669,0.1436319
0.21407,0.15520,0.59458,0.00416,0.03200,0.1387888
0.18506,0.07500,0.66552,0.00200,0.07242,0.1427371
0.18595,0.09369,0.65801,0.00001,0.06235,0.1415494
0.19341,0.09904,0.65266,0.00321,0.05167,0.1454640
0.18928,0.09616,0.65728,0.00026,0.05703,0.1399261
0.21203,0.13174,0.64488,0.00087,0.01048,0.1450409
0.21647,0.13257,0.64531,0.00167,0.00398,0.1454278
0.21574,0.13634,0.64256,0.00079,0.00458,0.1459747
0.21937,0.14221,0.63439,0.00278,0.00125,0.1435429
0.21277,0.14293,0.63817,0.00218,0.00395,0.1469253
0.21913,0.14306,0.63638,0.00044,0.00100,0.1431749
0.21817,0.14697,0.62694,0.00470,0.00322,0.1398281
0.20732,0.10527,0.68031,0.00456,0.00254,0.1516825
0.20473,0.08458,0.70437,0.00191,0.00441,0.1517823
0.20981,0.03031,0.75223,0.00365,0.00400,0.1657045
0.00430,0.36764,0.32952,0.00107,0.29747,0.0631861
0.34426,0.00267,0.00066,0.64839,0.00402,0.0340663
0.00080,0.37844,0.00281,0.61337,0.00459,0.1444108
0.00052,0.52901,0.00050,0.46707,0.00290,0.1468634
0.13544,0.45068,0.00010,0.41001,0.00377,0.0748913
0.00348,0.00187,0.57971,0.00340,0.41154,0.1375956
0.98755,0.00431,0.00242,0.00293,0.00278,0.0155097
0.18696,0.00313,0.42719,0.00483,0.37788,0.1156867
0.00182,0.00473,0.53000,0.16037,0.30308,0.1488483
0.16948,0.00289,0.82427,0.00332,0.00003,0.2060618
0.34791,0.00367,0.36947,0.27482,0.00413,0.1085736
0.56804,0.13588,0.29065,0.00317,0.00227,0.0791538
0.00418,0.53078,0.45961,0.00170,0.00374,0.0799271
0.59687,0.00312,0.00319,0.00321,0.39361,0.0393400
0.67674,0.00316,0.00326,0.31572,0.00111,0.0152605
0.00191,0.00260,0.00459,0.70271,0.28818,0.0408027
0.52612,0.46132,0.00458,0.00447,0.00351,0.0130708
0.00397,0.60712,0.00221,0.00308,0.38363,0.0000117
0.07079,0.00237,0.92086,0.00127,0.00472,0.1581478
0.16427,0.07934,0.42455,0.16934,0.16250,0.1250091
0.00046,0.15500,0.55132,0.02667,0.26654,0.1482009
0.00361,0.44360,0.16676,0.38234,0.00368,0.0943470
0.43915,0.00149,0.35346,0.00117,0.20473,0.0890638
0.31375,0.31571,0.36530,0.00055,0.00469,0.1072375
0.00129,0.00050,0.36084,0.14306,0.49431,0.0808422
0.17013,0.00106,0.31121,0.51411,0.00349,0.1021461
0.13466,0.00406,0.80563,0.05389,0.00176,0.1707769
0.00244,0.38787,0.00480,0.44215,0.16273,0.0726865
0.29315,0.00242,0.16300,0.34700,0.19444,0.0655823
0.00360,0.31164,0.00126,0.00174,0.68176,0.0000001
0.32795,0.00031,0.00281,0.00426,0.66466,0.0082408
0.00171,0.00192,0.39950,0.41241,0.18446,0.1226636
0.25881,0.18874,0.29998,0.00279,0.24968,0.0930575
0.26714,0.72444,0.00342,0.00444,0.00056,0.0019030
0.31150,0.18478,0.27326,0.22570,0.00476,0.0891727
0.00297,0.00286,0.76581,0.00088,0.22748,0.1456039
0.27865,0.34571,0.00482,0.00380,0.36702,0.0034343
0.00135,0.00304,0.00444,0.38400,0.60718,0.0146474
0.00249,0.15898,0.41169,0.20666,0.22017,0.1199781
0.00371,0.71045,0.00145,0.28055,0.00385,0.1080310
0.00109,0.00463,0.00172,0.98988,0.00268,0.0418678
0.00405,0.20985,0.00450,0.78105,0.00056,0.1044788
0.71755,0.17515,0.00169,0.00443,0.10118,0.0371910
0.00221,0.30082,0.55524,0.00140,0.14032,0.1316924
0.16763,0.00116,0.82896,0.00146,0.00078,0.2050190
0.40521,0.17821,0.00071,0.41490,0.00097,0.0350958
0.75500,0.00409,0.23996,0.00012,0.00082,0.0221337
0.14756,0.21065,0.00128,0.64004,0.00047,0.0805486
0.00040,0.14304,0.31157,0.00206,0.54293,0.0428693
0.07880,0.60804,0.19704,0.00092,0.11520,0.0339352
0.17334,0.00431,0.53978,0.28086,0.00170,0.1289603
0.20100,0.00080,0.00027,0.46108,0.33684,0.0332390
0.37017,0.00430,0.19592,0.00301,0.42660,0.0598515
0.57282,0.00189,0.13794,0.12826,0.15910,0.0515215
0.13537,0.35086,0.50843,0.00204,0.00330,0.1223960
0.00474,0.00452,0.22424,0.40811,0.35839,0.0757770
0.60364,0.22710,0.00008,0.16466,0.00452,0.0234619
0.00321,0.00444,0.66991,0.14680,0.17564,0.1450844
0.00135,0.30341,0.00010,0.24055,0.45458,0.0087345
0.00087,0.12425,0.69203,0.00468,0.17817,0.1540309
0.00143,0.62857,0.00245,0.20674,0.16080,0.0301103
0.37800,0.00223,0.00235,0.19359,0.42383,0.0173153
0.43718,0.00197,0.16471,0.39582,0.00032,0.0607809
0.00219,0.00265,0.44968,0.54230,0.00319,0.0919571
0.00139,0.00441,0.22381,0.61808,0.15231,0.0894094
0.16641,0.00393,0.82479,0.00183,0.00304,0.1976003
0.16854,0.00483,0.82572,0.00085,0.00006,0.2047023
0.52032,0.00163,0.47278,0.00165,0.00361,0.0625051
0.12004,0.00432,0.00450,0.79331,0.07783,0.0535023
0.48785,0.22093,0.10854,0.00305,0.17964,0.0440996
0.12202,0.14573,0.58425,0.14606,0.00194,0.1318203
0.00134,0.63125,0.19844,0.16483,0.00414,0.0545383
0.26878,0.53914,0.00491,0.00482,0.18235,0.0025948
0.12181,0.13553,0.41464,0.32769,0.00034,0.1138580
0.23844,0.47744,0.17730,0.10290,0.00392,0.0598902
0.10206,0.00167,0.65025,0.00434,0.24169,0.1425877
0.10977,0.32021,0.34289,0.12182,0.10531,0.1028003
0.00078,0.19795,0.00208,0.64943,0.14975,0.0784091
0.12709,0.00148,0.39644,0.20939,0.26561,0.1227130
0.06817,0.12992,0.50084,0.00347,0.29760,0.1456052
0.00460,0.00438,0.00361,0.16105,0.82636,0.0017849
0.13340,0.00005,0.21833,0.00346,0.64477,0.0374643
0.16947,0.00413,0.82292,0.00086,0.00262,0.2019784
0.00134,0.14072,0.60623,0.12217,0.12954,0.1360105
0.47373,0.00217,0.00271,0.36608,0.15532,0.0236483
0.54697,0.00316,0.28403,0.16227,0.00357,0.0709215
0.16321,0.00297,0.00145,0.19430,0.63808,0.0073619
0.16367,0.00351,0.82412,0.00440,0.00430,0.1925668
0.16940,0.00369,0.82240,0.00311,0.00140,0.2024338
0.30661,0.11583,0.46848,0.10781,0.00127,0.1217400
0.16631,0.00368,0.82576,0.00206,0.00219,0.2051239
0.16972,0.00039,0.82462,0.00164,0.00364,0.2073929
0.00493,0.13857,0.00229,0.47714,0.37708,0.0317344
0.16786,0.00140,0.82679,0.00186,0.00209,0.1968616
0.00449,0.24631,0.11492,0.63091,0.00337,0.0972658
0.16794,0.00030,0.82664,0.00082,0.00430,0.2046059
0.80739,0.00359,0.00081,0.00375,0.18446,0.0609053
0.33878,0.47441,0.00064,0.18572,0.00044,0.0293240
0.00421,0.00465,0.55015,0.29013,0.15085,0.1352522
0.19306,0.20892,0.00044,0.43504,0.16254,0.0512157
0.11023,0.39556,0.10456,0.13176,0.25790,0.0325677
0.00485,0.00003,0.00361,0.00006,0.99146,0.0000000
0.16756,0.00445,0.82088,0.00332,0.00379,0.1984506
0.16798,0.00166,0.82967,0.00068,0.00001,0.2061986
0.00268,0.99052,0.00196,0.00428,0.00057,0.0004632
0.17031,0.00055,0.82061,0.00353,0.00500,0.1991250
0.11236,0.11620,0.00095,0.00250,0.76799,0.0001408
0.17174,0.00091,0.82399,0.00258,0.00077,0.2089800
0.17116,0.00165,0.82425,0.00119,0.00175,0.2063997
0.16873,0.00254,0.82563,0.00125,0.00186,0.2062142
0.13029,0.00039,0.38970,0.36804,0.11159,0.1262846
0.17412,0.00083,0.12534,0.58256,0.11715,0.0674968
0.12587,0.23897,0.14118,0.00057,0.49341,0.0247169
0.00233,0.00182,0.67198,0.00473,0.31913,0.1527833
0.17370,0.00095,0.81650,0.00485,0.00400,0.1991130
0.17088,0.21591,0.18063,0.43023,0.00235,0.0831567
0.17937,0.00323,0.80929,0.00427,0.00384,0.1988124
0.16690,0.00234,0.82545,0.00152,0.00379,0.1995331
0.32974,0.15142,0.41918,0.00153,0.09812,0.1159902
0.16263,0.00283,0.82831,0.00349,0.00275,0.1997312
