     Ir,     Pd,     Pt,     Rh,     Ru, activity
0.11613,0.07820,0.32375,0.30990,0.17201,0.0381416
0.34387,0.17276,0.29402,0.10804,0.08131,0.0626585
0.44545,0.54758,0.00168,0.00374,0.00156,0.0924679
0.98756,0.00396,0.00491,0.00174,0.00183,0.0004841
0.09810,0.74777,0.14886,0.00070,0.00458,0.0781546
0.20938,0.46732,0.00388,0.00496,0.31446,0.1464702
0.00416,0.36893,0.00061,0.00261,0.62369,0.1125868
0.32203,0.22682,0.00019,0.00094,0.45003,0.0450850
0.02250,0.58667,0.00470,0.01036,0.37576,0.1551109
0.04598,0.49530,0.00300,0.17796,0.27775,0.1489478
0.01257,0.47573,0.17486,0.00475,0.33209,0.1476061
0.21391,0.43694,0.00126,0.34388,0.00401,0.0970907
0.00090,0.30179,0.69447,0.00144,0.00140,0.0577552
0.11559,0.57324,0.00361,0.04431,0.26326,0.1636517
0.00297,0.45624,0.29573,0.24344,0.00161,0.0930081
0.00236,0.00240,0.00253,0.99142,0.00129,0.0000251
0.00295,0.00276,0.51180,0.00329,0.47920,0.0435933
0.00161,0.00034,0.00201,0.00262,0.99343,0.0000000
0.15066,0.51497,0.11849,0.00151,0.21437,0.1472212
0.00110,0.00217,0.00071,0.45450,0.54153,0.0001329
0.00143,0.64374,0.00391,0.17110,0.17983,0.1257338
0.53197,0.00180,0.00414,0.45884,0.00325,0.0006869
0.00167,0.51706,0.00448,0.08363,0.39316,0.1440563
0.00078,0.39712,0.00465,0.59465,0.00280,0.0340471
0.13290,0.59240,0.00054,0.00427,0.26989,0.1614833
0.16011,0.53440,0.00230,0.09177,0.21142,0.1530525
0.23020,0.00042,0.76509,0.00078,0.00351,0.1407363
0.00008,0.00494,0.98720,0.00379,0.00400,0.0653559
0.12450,0.00471,0.68381,0.18658,0.00040,0.0747055
0.00199,0.36842,0.16054,0.13773,0.33132,0.1328774
0.40248,0.00075,0.59067,0.00326,0.00284,0.1667392
0.31114,0.00297,0.57919,0.00453,0.10217,0.1250149
0.52920,0.00166,0.46327,0.00483,0.00104,0.1532733
0.71507,0.00441,0.00101,0.00384,0.27567,0.0000007
0.00465,0.54652,0.27650,0.00346,0.16887,0.1324054
0.35051,0.07911,0.56449,0.00492,0.00098,0.1120709
0.00431,0.00095,0.33195,0.65857,0.00422,0.0200840
0.70518,0.28921,0.00288,0.00090,0.00183,0.0239394
0.42228,0.00226,0.46717,0.10802,0.00028,0.1232372
0.00248,0.30406,0.00103,0.42820,0.26423,0.0738271
0.00440,0.32720,0.40242,0.00292,0.26307,0.1088717
0.33590,0.00060,0.00480,0.33262,0.32608,0.0001660
0.19860,0.50087,0.00439,0.10346,0.19268,0.1486242
0.12591,0.62769,0.00307,0.00426,0.23907,0.1582174
0.00361,0.60810,0.08583,0.00235,0.30011,0.1522925
0.09751,0.53987,0.00434,0.00115,0.35713,0.1711624
0.00031,0.00007,0.25427,0.00258,0.74278,0.0056047
0.00404,0.98615,0.00220,0.00378,0.00382,0.0361911
0.00093,0.51195,0.14204,0.12951,0.21558,0.1522055
0.25697,0.00034,0.00202,0.73967,0.00100,0.0000951
0.09746,0.53441,0.00343,0.00020,0.36451,0.1714500
0.49398,0.00273,0.33666,0.00109,0.16555,0.0678042
0.09849,0.51672,0.00226,0.00225,0.38027,0.1636701
0.08797,0.50173,0.06130,0.00040,0.34860,0.1528830
0.00220,0.00478,0.78200,0.00258,0.20845,0.0812110
0.00074,0.23504,0.00193,0.18895,0.57335,0.0661927
0.00423,0.67175,0.00363,0.31704,0.00335,0.0782544
0.25472,0.48065,0.26025,0.00229,0.00208,0.0845962
0.21926,0.65506,0.00169,0.12224,0.00175,0.1242594
0.00415,0.58913,0.00009,0.00399,0.40263,0.1441489
0.09353,0.49510,0.10016,0.10724,0.20397,0.1530458
0.00048,0.00097,0.00177,0.75482,0.24196,0.0001117
0.42905,0.37475,0.00282,0.19139,0.00200,0.0761280
0.10021,0.50813,0.00288,0.05062,0.33815,0.1607062
0.08433,0.51825,0.06963,0.00091,0.32687,0.1566071
0.30007,0.00020,0.27717,0.42180,0.00077,0.0342932
0.09439,0.49720,0.10382,0.13318,0.17141,0.1515918
0.24764,0.00491,0.00467,0.00247,0.74030,0.0001188
0.14383,0.58940,0.00017,0.00254,0.26406,0.1614989
0.09970,0.51119,0.00354,0.06078,0.32480,0.1545220
0.00381,0.44683,0.13113,0.24768,0.17055,0.1355528
0.15505,0.59423,0.00438,0.00497,0.24136,0.1605307
0.66543,0.00089,0.33068,0.00145,0.00155,0.1178399
0.00214,0.49236,0.12327,0.00112,0.38111,0.1509667
0.11041,0.53929,0.00174,0.00191,0.34666,0.1623803
0.00346,0.19717,0.45875,0.33953,0.00110,0.0387857
0.00043,0.60078,0.11323,0.00010,0.28545,0.1541148
0.10322,0.55290,0.07171,0.00262,0.26955,0.1570993
0.09830,0.52656,0.07714,0.00002,0.29798,0.1565180
0.00043,0.00197,0.54496,0.21692,0.23573,0.0398949
0.00300,0.52600,0.13966,0.08718,0.24416,0.1578090
0.12074,0.61462,0.00262,0.00468,0.25736,0.1644667
0.10007,0.53736,0.00165,0.07380,0.28712,0.1553746
0.00409,0.46799,0.12825,0.00358,0.39609,0.1448522
0.19724,0.57258,0.00282,0.00191,0.22546,0.1525828
0.00139,0.45738,0.23840,0.10303,0.19981,0.1463416
0.79292,0.00046,0.00226,0.20398,0.00039,0.0009613
0.08861,0.61888,0.00207,0.00059,0.28985,0.1652878
0.00161,0.52347,0.00128,0.11558,0.35805,0.1465420
0.07813,0.63741,0.00382,0.00380,0.27684,0.1573908
0.41144,0.00101,0.58478,0.00013,0.00264,0.1613553
0.17121,0.63780,0.00437,0.00263,0.18399,0.1505152
0.10424,0.53417,0.00140,0.00353,0.35665,0.1660538
0.09844,0.54078,0.09134,0.00272,0.26673,0.1621512
0.18265,0.48844,0.13255,0.19310,0.00327,0.1108718
0.11942,0.52389,0.00175,0.10049,0.25444,0.1596883
0.10486,0.53185,0.00141,0.00345,0.35842,0.1613827
0.20569,0.54354,0.00233,0.00418,0.24425,0.1529898
0.13381,0.48437,0.00129,0.13685,0.24368,0.1564695
0.09869,0.52678,0.00483,0.00251,0.36719,0.1685374
0.10068,0.52436,0.00078,0.00494,0.36924,0.1618971
0.10725,0.45051,0.13371,0.00138,0.30715,0.1405490
0.22697,0.00241,0.32384,0.00177,0.44501,0.0290524
0.09380,0.59036,0.00134,0.06381,0.25070,0.1620375
0.10046,0.49766,0.00044,0.06628,0.33515,0.1596893
0.15010,0.41271,0.00488,0.17852,0.25379,0.1380361
0.54988,0.18148,0.26428,0.00109,0.00327,0.0653623
0.09156,0.59612,0.00148,0.05958,0.25127,0.1641829
0.06414,0.56308,0.07230,0.06638,0.23410,0.1632555
0.00429,0.00423,0.23821,0.25516,0.49812,0.0088950
0.00348,0.22111,0.18140,0.59040,0.00362,0.0208723
0.11743,0.57686,0.00472,0.10094,0.20005,0.1598188
0.00359,0.68103,0.00081,0.00088,0.31369,0.1320731
0.06513,0.54847,0.07712,0.06653,0.24274,0.1615868
0.00365,0.53960,0.00372,0.00219,0.45084,0.1460642
0.00076,0.55921,0.43765,0.00036,0.00201,0.0696611
0.08496,0.56602,0.07320,0.00229,0.27353,0.1609527
0.13238,0.55823,0.00360,0.13280,0.17299,0.1593526
0.11021,0.54197,0.00133,0.00015,0.34633,0.1624511
0.00270,0.57360,0.13518,0.09309,0.19543,0.1553563
0.09567,0.54536,0.00204,0.06137,0.29557,0.1605282
0.00265,0.31177,0.19906,0.00211,0.48440,0.1005209
0.00366,0.52204,0.00289,0.24906,0.22234,0.1341536
0.00111,0.51863,0.10933,0.09061,0.28032,0.1576094
0.07825,0.53653,0.07202,0.06713,0.24606,0.1585806
0.00150,0.51764,0.11220,0.08687,0.28179,0.1543666
0.00095,0.42371,0.26598,0.11675,0.19260,0.1386055
0.23217,0.22033,0.00004,0.44397,0.10348,0.0512889
0.10577,0.53150,0.00014,0.00443,0.35816,0.1618113
0.23968,0.75411,0.00209,0.00226,0.00186,0.1040601
0.00006,0.54851,0.18040,0.00057,0.27046,0.1528469
0.09586,0.57234,0.06958,0.00236,0.25986,0.1632110
0.10080,0.57118,0.00015,0.06791,0.25996,0.1659332
0.19490,0.55840,0.00392,0.00254,0.24025,0.1596394
0.14252,0.57078,0.00219,0.10529,0.17922,0.1598064
0.11200,0.54826,0.00047,0.00358,0.33570,0.1575199
0.41431,0.00193,0.57984,0.00268,0.00125,0.1617398
0.10551,0.53311,0.00131,0.00037,0.35971,0.1622365
0.00029,0.59147,0.14055,0.10474,0.16295,0.1462362
0.08566,0.51755,0.07640,0.06793,0.25245,0.1602128
0.19520,0.56241,0.00090,0.00110,0.24039,0.1608349
0.10304,0.58745,0.00172,0.06762,0.24016,0.1685525
0.09099,0.54276,0.00440,0.06901,0.29285,0.1629571
0.09679,0.58147,0.06784,0.00011,0.25380,0.1589303
0.10144,0.57866,0.07279,0.00225,0.24486,0.1644160
0.10061,0.52570,0.08139,0.08000,0.21230,0.1546261
0.00275,0.52249,0.00359,0.11068,0.36049,0.1500272
0.20468,0.55693,0.00051,0.00490,0.23299,0.1554739
0.09879,0.51221,0.00424,0.06859,0.31618,0.1604271
0.10729,0.60330,0.00293,0.06818,0.21830,0.1599538
