     Ir,     Pd,     Pt,     Rh,     Ru, activity
0.05704,0.20722,0.40611,0.08269,0.24695,0.0796164
0.24369,0.17622,0.05284,0.11819,0.40906,0.0421713
0.00355,0.14129,0.84578,0.00486,0.00453,0.0552540
0.00140,0.52282,0.40353,0.00493,0.06732,0.0987421
0.00274,0.48668,0.24238,0.26321,0.00500,0.0993880
0.00356,0.76809,0.16381,0.06330,0.00124,0.0664231
0.00021,0.41194,0.40401,0.18223,0.00160,0.0858431
0.00108,0.47706,0.20327,0.13283,0.18576,0.1479932
0.00399,0.50881,0.11296,0.08907,0.28518,0.1535223
0.00347,0.49045,0.02892,0.21168,0.26548,0.1434572
0.10567,0.51404,0.09418,0.06691,0.21920,0.1564642
0.06462,0.51155,0.10873,0.07905,0.23605,0.1527283
0.05183,0.53745,0.09069,0.07645,0.24359,0.1593998
0.05132,0.56933,0.06082,0.05875,0.25979,0.1599897
0.11954,0.59431,0.00413,0.00454,0.27749,0.1603372
0.10424,0.58848,0.00012,0.05215,0.25500,0.1603079
0.07507,0.59490,0.04200,0.00030,0.28773,0.1625435
0.04880,0.61564,0.02873,0.00151,0.30531,0.1589577
0.10111,0.57618,0.04139,0.00453,0.27678,0.1570463
0.06673,0.60455,0.00436,0.04600,0.27836,0.1643464
0.04445,0.61579,0.00284,0.06119,0.27573,0.1521954
0.11323,0.57734,0.00209,0.00215,0.30519,0.1657702
0.10545,0.55981,0.00219,0.00171,0.33085,0.1624412
0.47703,0.49061,0.00186,0.00414,0.02637,0.0882573
0.00121,0.00302,0.00078,0.99276,0.00223,0.0000000
0.30803,0.29602,0.00193,0.39251,0.00150,0.0574350
0.99081,0.00372,0.00083,0.00405,0.00059,0.0000047
0.11363,0.56524,0.00391,0.00093,0.31628,0.1606229
0.11855,0.57451,0.00091,0.00067,0.30537,0.1654549
0.12403,0.56789,0.00282,0.00260,0.30266,0.1627992
0.12392,0.56957,0.00080,0.00320,0.30252,0.1646117
0.12848,0.56671,0.00440,0.00209,0.29832,0.1645084
0.12983,0.56839,0.00002,0.00389,0.29787,0.1604192
0.09971,0.56574,0.00407,0.00364,0.32684,0.1644621
0.09829,0.56587,0.00263,0.00068,0.33254,0.1607805
0.12464,0.56913,0.00425,0.00388,0.29810,0.1699362
0.13537,0.56992,0.00167,0.00223,0.29080,0.1668857
0.14416,0.56490,0.00434,0.00345,0.28315,0.1647277
0.14551,0.57015,0.00191,0.00059,0.28185,0.1687476
0.45311,0.00481,0.53474,0.00350,0.00384,0.1613752
0.55175,0.00283,0.43750,0.00356,0.00436,0.1517897
0.41250,0.12586,0.45608,0.00479,0.00077,0.0926763
0.37236,0.00106,0.48532,0.14020,0.00105,0.1108492
0.00020,0.00009,0.29233,0.53218,0.17519,0.0093970
0.40665,0.00116,0.50585,0.00174,0.08460,0.1291484
0.15903,0.57110,0.00016,0.00470,0.26501,0.1611223
0.00006,0.00398,0.00282,0.00393,0.98921,0.0000000
0.00276,0.51696,0.15845,0.00383,0.31800,0.1546417
0.14669,0.56844,0.00124,0.00145,0.28218,0.1642577
0.14466,0.56637,0.00038,0.00387,0.28472,0.1584971
0.28806,0.70720,0.00224,0.00210,0.00040,0.1068663
0.13659,0.57582,0.00035,0.00472,0.28252,0.1617455
0.13244,0.57833,0.00015,0.00438,0.28470,0.1588314
0.40988,0.00424,0.58274,0.00241,0.00073,0.1582308
0.12470,0.57324,0.00193,0.00230,0.29784,0.1638682
0.11324,0.55584,0.00480,0.02717,0.29895,0.1703455
0.11016,0.54963,0.00409,0.04073,0.29539,0.1644436
0.11553,0.54882,0.00025,0.03719,0.29822,0.1631462
0.00312,0.38779,0.00225,0.60529,0.00156,0.0299432
0.11294,0.55446,0.00119,0.03597,0.29544,0.1612074
0.11691,0.55497,0.00026,0.02820,0.29965,0.1580029
0.12233,0.57193,0.00062,0.00344,0.30169,0.1649903
0.11637,0.56930,0.00203,0.00444,0.30786,0.1614298
0.12684,0.57378,0.00027,0.00255,0.29655,0.1661955
0.12603,0.57439,0.00265,0.00028,0.29665,0.1688061
0.12520,0.57418,0.00392,0.00200,0.29471,0.1657326
0.12629,0.57499,0.00314,0.00279,0.29279,0.1597431
0.12620,0.57521,0.00071,0.00297,0.29490,0.1678310
0.12337,0.57321,0.00347,0.00107,0.29887,0.1653683
0.12902,0.57246,0.00195,0.00387,0.29270,0.1678328
0.00311,0.00469,0.00392,0.45243,0.53584,0.0007863
0.12802,0.57594,0.00455,0.00111,0.29038,0.1620036
0.12997,0.57456,0.00189,0.00127,0.29230,0.1666734
0.13308,0.57584,0.00280,0.00492,0.28336,0.1645809
0.13248,0.57288,0.00489,0.00222,0.28753,0.1587857
0.63099,0.00000,0.00411,0.36368,0.00121,0.0009935
0.11915,0.57263,0.00051,0.00074,0.30697,0.1569531
0.13271,0.57770,0.00443,0.00072,0.28445,0.1655058
0.13519,0.57833,0.00263,0.00058,0.28326,0.1636707
0.13185,0.57782,0.00173,0.00122,0.28738,0.1633263
0.13061,0.57742,0.00162,0.00265,0.28770,0.1615648
0.12832,0.57588,0.00474,0.00240,0.28867,0.1621468
0.12205,0.55761,0.00401,0.03311,0.28323,0.1611123
0.12049,0.57397,0.00244,0.00178,0.30131,0.1637849
0.11662,0.57199,0.00410,0.00190,0.30539,0.1639016
0.12788,0.57490,0.00085,0.00451,0.29186,0.1614076
0.11433,0.57039,0.00431,0.00044,0.31053,0.1575158
0.13804,0.57703,0.00080,0.00268,0.28145,0.1665500
0.00211,0.56555,0.00103,0.00278,0.42852,0.1459284
0.00442,0.49847,0.09709,0.06936,0.33066,0.1549522
0.13692,0.57726,0.00130,0.00453,0.27998,0.1617356
0.13289,0.56698,0.00157,0.02376,0.27480,0.1644898
0.13070,0.56579,0.00419,0.02474,0.27458,0.1628438
0.13505,0.57675,0.00065,0.00345,0.28409,0.1678609
0.00273,0.00114,0.41574,0.00295,0.57745,0.0264336
0.13740,0.57966,0.00243,0.00104,0.27947,0.1611712
0.13727,0.57480,0.00010,0.00349,0.28435,0.1644795
0.13579,0.57635,0.00458,0.00379,0.27949,0.1647163
0.13207,0.56675,0.00168,0.02537,0.27412,0.1666024
0.13924,0.57720,0.00195,0.00099,0.28062,0.1619987
0.13893,0.57597,0.00051,0.00124,0.28336,0.1665451
0.13728,0.57623,0.00466,0.00240,0.27943,0.1657606
0.13681,0.56905,0.00010,0.02123,0.27281,0.1607962
0.13910,0.57832,0.00299,0.00308,0.27652,0.1626038
0.13539,0.58024,0.00233,0.00222,0.27981,0.1630391
0.00467,0.00474,0.75562,0.00218,0.23279,0.0806874
0.13349,0.56504,0.00085,0.02361,0.27699,0.1708989
0.12846,0.56163,0.00423,0.03692,0.26877,0.1609475
0.12813,0.55973,0.00426,0.03295,0.27492,0.1631694
0.13460,0.56344,0.00069,0.02605,0.27522,0.1656304
0.13522,0.56533,0.00050,0.02557,0.27338,0.1623938
0.13244,0.56456,0.00133,0.02570,0.27597,0.1629755
0.14083,0.57568,0.00093,0.00106,0.28151,0.1632527
0.13928,0.57073,0.00423,0.00281,0.28295,0.1588080
0.12481,0.56111,0.00255,0.03237,0.27916,0.1644922
0.13750,0.57431,0.00216,0.00071,0.28532,0.1668234
0.12923,0.55994,0.00393,0.03285,0.27406,0.1627240
0.13114,0.56506,0.00103,0.02340,0.27937,0.1609889
0.13760,0.57659,0.00099,0.00021,0.28461,0.1649594
0.13827,0.57674,0.00256,0.00222,0.28021,0.1705879
0.14054,0.57464,0.00125,0.00430,0.27927,0.1623133
0.13916,0.57829,0.00335,0.00293,0.27627,0.1605678
0.13942,0.57529,0.00140,0.00044,0.28344,0.1599706
