     Ag,     Ir,     Pd,     Pt,     Ru, activity
0.35846,0.42898,0.06316,0.09618,0.05322,0.0310841
0.33732,0.11274,0.19247,0.20893,0.14854,0.0750137
0.06926,0.00269,0.38161,0.33604,0.21040,0.1247268
0.00442,0.00097,0.06964,0.92496,0.00001,0.0526410
0.00250,0.00124,0.78842,0.18099,0.02684,0.0933493
0.00026,0.00269,0.38653,0.11004,0.50048,0.0853231
0.00186,0.00328,0.49996,0.49450,0.00040,0.0873301
0.00209,0.19567,0.45464,0.18536,0.16224,0.1262245
0.00404,0.16158,0.18188,0.38960,0.26289,0.0723394
0.11868,0.02003,0.52474,0.14956,0.18700,0.1419377
0.21357,0.17930,0.58004,0.00037,0.02672,0.1393391
0.10081,0.12916,0.58394,0.00404,0.18205,0.1506650
0.00077,0.39291,0.59911,0.00383,0.00336,0.1135417
0.24916,0.00005,0.56835,0.00103,0.18141,0.1223991
0.12994,0.21609,0.47080,0.00211,0.18106,0.1319910
0.25316,0.00425,0.47291,0.26615,0.00352,0.1274820
0.37071,0.00077,0.00007,0.62452,0.00393,0.0272517
0.00148,0.13804,0.65391,0.00151,0.20505,0.1604195
0.98500,0.00300,0.00361,0.00340,0.00499,0.0160662
0.00393,0.99201,0.00111,0.00137,0.00158,0.0000325
0.00126,0.41240,0.00063,0.00214,0.58356,0.0000001
0.58012,0.00222,0.41567,0.00188,0.00012,0.0474877
0.00371,0.00402,0.70400,0.00048,0.28778,0.1498620
0.33963,0.00004,0.00096,0.00375,0.65563,0.0085437
0.00057,0.00236,0.00001,0.58947,0.40759,0.0299788
0.00182,0.13849,0.72222,0.00170,0.13577,0.1452731
0.00415,0.44448,0.00011,0.54630,0.00496,0.1458163
0.00290,0.31596,0.00483,0.67286,0.00344,0.1272804
0.00171,0.37935,0.17734,0.43836,0.00324,0.0961294
0.00347,0.11627,0.59596,0.00491,0.27940,0.1510694
0.14666,0.37654,0.00350,0.47033,0.00297,0.0762725
0.22102,0.00082,0.77464,0.00280,0.00073,0.1935929
0.67241,0.00151,0.00131,0.00144,0.32334,0.0483566
0.00413,0.57428,0.27342,0.00125,0.14691,0.0378891
0.68824,0.00117,0.00318,0.30463,0.00278,0.0150336
0.30946,0.00407,0.00350,0.30626,0.37670,0.0210043
0.69823,0.29494,0.00270,0.00342,0.00072,0.0261003
0.00434,0.67062,0.00212,0.32072,0.00220,0.1223642
0.36541,0.28614,0.00093,0.00196,0.34557,0.0062808
0.00394,0.50018,0.00359,0.30458,0.18772,0.0449769
0.00202,0.00148,0.24448,0.66531,0.08672,0.0900615
0.00431,0.00465,0.00143,0.00085,0.98875,0.0000000
0.00354,0.00231,0.00110,0.28596,0.70710,0.0072721
0.20855,0.00378,0.27523,0.50841,0.00402,0.0978377
0.20017,0.44891,0.34609,0.00397,0.00086,0.0901038
0.00179,0.23432,0.32354,0.00173,0.43861,0.0581626
0.26752,0.00004,0.72826,0.00204,0.00214,0.1793086
0.26374,0.73334,0.00096,0.00026,0.00171,0.0009236
0.35653,0.00036,0.25036,0.00319,0.38957,0.0715848
0.15622,0.00450,0.83640,0.00277,0.00011,0.2054711
0.12950,0.20061,0.44660,0.21962,0.00367,0.1140308
0.46757,0.25349,0.27255,0.00377,0.00262,0.0856538
0.07418,0.00325,0.00233,0.76462,0.15562,0.0558357
0.00405,0.00316,0.25122,0.32168,0.41989,0.0683389
0.00080,0.56999,0.27368,0.15379,0.00175,0.0584482
0.00119,0.00216,0.23733,0.00070,0.75862,0.0131167
0.47447,0.00085,0.25594,0.26440,0.00434,0.0749616
0.70395,0.00029,0.17359,0.00359,0.11858,0.0534972
0.00176,0.22739,0.00269,0.24240,0.52576,0.0069681
0.09801,0.00444,0.49458,0.00270,0.40027,0.1238492
0.48544,0.21459,0.00204,0.29332,0.00460,0.0281184
0.00309,0.00330,0.56483,0.18223,0.24655,0.1473076
0.09031,0.00266,0.90159,0.00198,0.00346,0.1703065
0.18095,0.00005,0.81565,0.00279,0.00055,0.2075434
0.14280,0.06846,0.78360,0.00368,0.00145,0.1621388
0.00207,0.15600,0.27309,0.56856,0.00029,0.0902892
0.14323,0.00196,0.78660,0.00064,0.06758,0.1454429
0.36865,0.10449,0.37103,0.00048,0.15535,0.1039735
0.19431,0.00059,0.33574,0.16579,0.30356,0.1030327
0.31593,0.16785,0.37706,0.13547,0.00369,0.1089301
0.19294,0.00174,0.12005,0.48989,0.19539,0.0643608
0.00334,0.72886,0.00070,0.00187,0.26523,0.0000134
0.00303,0.77724,0.21666,0.00128,0.00179,0.0169521
0.00093,0.25673,0.00142,0.58002,0.16091,0.0734005
0.00379,0.20694,0.00043,0.00084,0.78800,0.0000000
0.17250,0.39415,0.16535,0.00008,0.26793,0.0424780
0.17380,0.14084,0.15455,0.00494,0.52588,0.0308915
0.20978,0.25684,0.00001,0.27889,0.25447,0.0292022
0.18285,0.00424,0.73734,0.07469,0.00088,0.1594941
0.55863,0.00325,0.00328,0.21511,0.21973,0.0231582
0.15684,0.58097,0.00206,0.25933,0.00081,0.0498471
0.23792,0.17262,0.22302,0.36573,0.00071,0.0852714
0.14543,0.10226,0.00390,0.74414,0.00427,0.0645914
0.62988,0.17931,0.00467,0.00444,0.18170,0.0322949
0.75681,0.00364,0.14058,0.09562,0.00336,0.0314252
0.00293,0.20899,0.64861,0.13505,0.00442,0.1128684
0.00328,0.29568,0.54035,0.00122,0.15947,0.1313523
0.00343,0.17178,0.47324,0.35084,0.00070,0.0997354
0.00483,0.14715,0.84473,0.00318,0.00010,0.1169957
0.35391,0.00069,0.40412,0.12918,0.11210,0.1089249
0.39652,0.00327,0.00180,0.44916,0.14925,0.0251508
0.00325,0.00058,0.55542,0.31660,0.12416,0.1345810
0.00469,0.35798,0.19674,0.14770,0.29290,0.0361086
0.85246,0.14069,0.00083,0.00395,0.00207,0.0408689
0.00175,0.00184,0.34185,0.47454,0.18001,0.1115371
0.22231,0.56423,0.00101,0.00440,0.20805,0.0010486
0.53505,0.00036,0.18033,0.00072,0.28353,0.0635399
0.18549,0.37810,0.23417,0.19845,0.00379,0.0779144
0.15431,0.00194,0.00365,0.00230,0.83780,0.0001490
0.00072,0.54629,0.00465,0.44637,0.00198,0.1365619
0.00225,0.08881,0.48955,0.12869,0.29069,0.1370078
0.14743,0.00423,0.10198,0.15332,0.59303,0.0222052
0.00151,0.00158,0.57199,0.00169,0.42323,0.1412261
0.09991,0.23916,0.65983,0.00029,0.00080,0.1364769
0.14738,0.00162,0.41844,0.35124,0.08132,0.1236663
0.00220,0.82339,0.00125,0.16990,0.00326,0.0731553
0.00157,0.55422,0.44092,0.00317,0.00012,0.0773751
0.00121,0.15044,0.00225,0.84144,0.00465,0.0872618
0.83978,0.00336,0.00489,0.00496,0.14700,0.0573419
0.18025,0.00059,0.81500,0.00248,0.00167,0.2040209
0.00053,0.36183,0.45852,0.17585,0.00327,0.0993342
0.11990,0.00159,0.62553,0.25189,0.00109,0.1279281
0.58054,0.16542,0.13928,0.11203,0.00274,0.0523637
0.18083,0.00302,0.81135,0.00138,0.00343,0.1986858
0.30859,0.28431,0.27380,0.00024,0.13305,0.0843911
0.17347,0.23984,0.00164,0.00157,0.58348,0.0005561
0.00242,0.16130,0.11476,0.72042,0.00109,0.0865596
0.15097,0.12463,0.41580,0.00313,0.30547,0.1197647
0.45649,0.53310,0.00163,0.00454,0.00423,0.0064114
0.00102,0.00246,0.99207,0.00389,0.00056,0.0616351
0.10134,0.00340,0.00240,0.40223,0.49063,0.0224714
0.24568,0.58016,0.17011,0.00367,0.00039,0.0437566
0.00095,0.00227,0.68303,0.10061,0.21314,0.1380987
0.20141,0.14017,0.00312,0.54637,0.10893,0.0543335
0.00347,0.00040,0.13958,0.61749,0.23906,0.0706378
0.39962,0.00009,0.14599,0.45214,0.00216,0.0601610
0.17391,0.00394,0.81626,0.00348,0.00241,0.1989687
0.12402,0.17855,0.33628,0.21202,0.14912,0.1080718
0.17741,0.00466,0.81211,0.00086,0.00496,0.1947359
0.17350,0.00349,0.81678,0.00440,0.00182,0.2003344
0.00286,0.52783,0.00355,0.10088,0.36488,0.0017993
0.42152,0.00229,0.39980,0.00101,0.17538,0.0935676
0.13714,0.00194,0.79555,0.00492,0.06045,0.1507710
0.00361,0.16819,0.00498,0.45810,0.36512,0.0314174
0.24714,0.00387,0.73991,0.00465,0.00443,0.1782429
0.34186,0.09698,0.55651,0.00182,0.00283,0.1305494
0.00369,0.11360,0.61267,0.13733,0.13270,0.1398879
0.00025,0.71811,0.00386,0.16019,0.11758,0.0268807
0.30686,0.00335,0.59082,0.09580,0.00316,0.1297490
0.00171,0.11992,0.38527,0.36855,0.12456,0.1165026
0.27910,0.00196,0.28622,0.31431,0.11841,0.0953533
0.37848,0.09473,0.00198,0.09744,0.42737,0.0124747
0.00310,0.00052,0.00414,0.12418,0.86805,0.0008483
0.00347,0.19019,0.15678,0.00351,0.64606,0.0047977
0.00400,0.58859,0.09252,0.31418,0.00071,0.0902152
0.00328,0.00269,0.00462,0.88015,0.10925,0.0494323
0.00409,0.00245,0.48329,0.21471,0.29545,0.1409899
0.00135,0.10179,0.56553,0.00144,0.32990,0.1481526
0.00074,0.33431,0.27112,0.29800,0.09583,0.0908561
0.26940,0.27196,0.45348,0.00318,0.00198,0.1243701
