     Ag,     Ir,     Pd,     Pt,     Ru, activity
0.30958,0.06249,0.23289,0.15824,0.23681,0.0818155
0.12230,0.08343,0.27473,0.26718,0.25236,0.0968608
0.00392,0.00425,0.00233,0.98930,0.00019,0.0434280
0.00464,0.00254,0.77126,0.18673,0.03484,0.1004891
0.00225,0.56822,0.42578,0.00233,0.00142,0.0747384
0.00122,0.00252,0.50112,0.00332,0.49182,0.1085152
0.00065,0.00148,0.00425,0.00087,0.99276,0.0000000
0.00034,0.04678,0.66267,0.00149,0.28871,0.1576922
0.00021,0.19539,0.59946,0.00243,0.20250,0.1568946
0.15424,0.05722,0.61456,0.00416,0.16982,0.1462525
0.00419,0.56289,0.00157,0.00038,0.43096,0.0000507
0.00413,0.43921,0.00122,0.55207,0.00337,0.1430975
0.23993,0.29364,0.00082,0.46542,0.00020,0.0591124
0.00138,0.33246,0.28082,0.38361,0.00173,0.0920926
0.00355,0.22868,0.00351,0.54513,0.21912,0.0600796
0.00430,0.06944,0.57520,0.10620,0.24486,0.1532534
0.07119,0.14775,0.50985,0.00112,0.27009,0.1448408
0.98774,0.00214,0.00486,0.00116,0.00411,0.0148688
0.51872,0.00208,0.47056,0.00494,0.00369,0.0679732
0.00347,0.62988,0.00361,0.36099,0.00205,0.1323501
0.00130,0.12213,0.71229,0.00495,0.15933,0.1515254
0.20935,0.26507,0.52000,0.00182,0.00377,0.1316023
0.43115,0.56264,0.00225,0.00340,0.00056,0.0062249
0.23451,0.00222,0.47223,0.28792,0.00312,0.1250694
0.00129,0.00068,0.40233,0.59253,0.00317,0.0878914
0.06302,0.14358,0.57289,0.09574,0.12476,0.1456423
0.61688,0.00343,0.00175,0.37458,0.00337,0.0161769
0.00181,0.00034,0.60308,0.13515,0.25963,0.1460780
0.42063,0.00258,0.00165,0.00019,0.57495,0.0185365
0.00381,0.00056,0.00085,0.35534,0.63944,0.0109681
0.00310,0.29105,0.69985,0.00456,0.00143,0.1246625
0.00028,0.11983,0.63269,0.00328,0.24391,0.1631415
0.21982,0.00376,0.77226,0.00312,0.00104,0.1979328
0.00126,0.99159,0.00185,0.00202,0.00328,0.0001207
0.21901,0.00493,0.12280,0.65264,0.00063,0.0707219
0.00447,0.24419,0.24515,0.00106,0.50513,0.0254947
0.63493,0.13575,0.00165,0.00403,0.22364,0.0336149
0.00162,0.48902,0.00010,0.32672,0.18254,0.0474207
0.30877,0.00444,0.00349,0.38140,0.30191,0.0243244
0.32245,0.33031,0.00179,0.00100,0.34446,0.0035914
0.13569,0.00350,0.85285,0.00484,0.00311,0.1943843
0.54110,0.25281,0.19981,0.00337,0.00291,0.0712124
0.00316,0.24134,0.00425,0.75017,0.00108,0.1137554
0.20887,0.41411,0.23737,0.13483,0.00482,0.0770725
0.00203,0.00243,0.14006,0.64998,0.20550,0.0733469
0.42479,0.00191,0.26006,0.30857,0.00467,0.0832474
0.00046,0.00086,0.42734,0.36918,0.20217,0.1328580
0.00402,0.44005,0.33399,0.00034,0.22159,0.0639244
0.29898,0.14522,0.40901,0.14382,0.00296,0.1146504
0.23868,0.00147,0.30509,0.00187,0.45289,0.0800849
0.00091,0.70547,0.15927,0.13203,0.00232,0.0417944
0.00071,0.24644,0.00416,0.00327,0.74541,0.0000000
0.00360,0.00253,0.34619,0.23338,0.41429,0.0891019
0.73710,0.25842,0.00153,0.00291,0.00004,0.0345068
0.18796,0.00443,0.80345,0.00119,0.00297,0.1947047
0.14738,0.11140,0.29367,0.44272,0.00483,0.1004031
0.77374,0.00110,0.21807,0.00358,0.00351,0.0205395
0.00071,0.17804,0.53103,0.28756,0.00266,0.1027611
0.49924,0.28667,0.00462,0.20464,0.00482,0.0229406
0.50061,0.00014,0.23565,0.00399,0.25961,0.0704261
0.26950,0.23409,0.32640,0.00492,0.16509,0.1000692
0.20736,0.00466,0.78334,0.00175,0.00289,0.1922653
0.15869,0.63435,0.00220,0.20155,0.00321,0.0382399
0.18214,0.00008,0.45845,0.16836,0.19097,0.1253326
0.14895,0.06607,0.78080,0.00218,0.00200,0.1629862
0.00237,0.26139,0.00216,0.23776,0.49632,0.0078179
0.00259,0.38121,0.47364,0.13827,0.00429,0.0965902
0.00269,0.00175,0.22395,0.00307,0.76853,0.0096704
0.00153,0.18545,0.40101,0.20769,0.20432,0.1166898
0.19975,0.00154,0.74219,0.05228,0.00424,0.1676759
0.00335,0.00041,0.00047,0.62858,0.36719,0.0326580
0.19530,0.00344,0.00228,0.00386,0.79512,0.0013797
0.00148,0.16170,0.17094,0.66252,0.00335,0.0852399
0.00496,0.00379,0.98622,0.00089,0.00414,0.0733909
0.81410,0.00434,0.00089,0.17793,0.00275,0.0184060
0.18557,0.00448,0.00432,0.80394,0.00170,0.0481096
0.00113,0.00419,0.18660,0.45234,0.35575,0.0685636
0.23694,0.00042,0.00030,0.21167,0.55067,0.0112667
0.00388,0.79667,0.00332,0.00031,0.19582,0.0000006
0.19889,0.56860,0.22906,0.00271,0.00074,0.0564628
0.00031,0.00289,0.60115,0.39523,0.00042,0.0848941
0.14477,0.00159,0.79201,0.00038,0.06124,0.1481779
0.59765,0.00097,0.00077,0.15448,0.24614,0.0334058
0.24690,0.26108,0.00191,0.26804,0.22208,0.0323182
0.00332,0.50479,0.09471,0.39318,0.00400,0.1021035
0.29094,0.00341,0.49486,0.00212,0.20867,0.1145253
0.08337,0.00189,0.60004,0.00216,0.31254,0.1462910
0.21881,0.58729,0.00022,0.00409,0.18958,0.0009867
0.17910,0.00419,0.00422,0.64686,0.16563,0.0471968
0.16529,0.00097,0.29882,0.41987,0.11505,0.1068558
0.19798,0.20771,0.00447,0.00163,0.58821,0.0012620
0.23641,0.00390,0.75505,0.00098,0.00366,0.1852577
0.18803,0.00003,0.80602,0.00468,0.00124,0.2071616
0.09199,0.48156,0.00142,0.42271,0.00232,0.0892976
0.17890,0.81115,0.00130,0.00439,0.00426,0.0012691
0.58628,0.07812,0.18578,0.14954,0.00028,0.0612716
0.31791,0.33902,0.34152,0.00094,0.00061,0.0955849
0.38848,0.00437,0.00183,0.60391,0.00141,0.0302798
0.32713,0.17606,0.17917,0.31359,0.00405,0.0719124
0.00471,0.13849,0.26531,0.45206,0.13943,0.0959300
0.00265,0.32784,0.55455,0.00162,0.11334,0.1320982
0.13479,0.19805,0.00289,0.66000,0.00427,0.0782211
0.52644,0.34616,0.00390,0.00106,0.12244,0.0160242
0.11019,0.38314,0.50264,0.00313,0.00089,0.1143077
0.00267,0.00076,0.00009,0.15372,0.84276,0.0017147
0.17067,0.00336,0.76219,0.06213,0.00165,0.1672723
0.37998,0.11684,0.14244,0.00235,0.35840,0.0490381
0.22886,0.00449,0.76460,0.00120,0.00084,0.1909066
0.80683,0.00334,0.00223,0.00045,0.18714,0.0652042
0.07107,0.00040,0.57135,0.24361,0.11356,0.1388944
0.15170,0.36498,0.17936,0.00330,0.30067,0.0404677
0.00325,0.80317,0.00230,0.19126,0.00003,0.0799446
0.00234,0.13822,0.53115,0.00291,0.32538,0.1414783
0.00299,0.00255,0.00123,0.85122,0.14200,0.0497988
0.24316,0.00389,0.74705,0.00095,0.00495,0.1804700
0.16521,0.06453,0.76749,0.00185,0.00092,0.1641341
0.30057,0.00460,0.59920,0.09238,0.00324,0.1322333
0.10916,0.14176,0.62711,0.11795,0.00402,0.1316841
0.00017,0.35725,0.19169,0.21084,0.24007,0.0457182
0.12784,0.21438,0.39164,0.19592,0.07023,0.1200617
0.14053,0.09413,0.43743,0.00107,0.32684,0.1236489
0.00380,0.14043,0.62863,0.10758,0.11956,0.1389812
0.10263,0.10073,0.00027,0.41288,0.38348,0.0258404
0.17765,0.00068,0.82147,0.00013,0.00007,0.2090290
0.00306,0.05506,0.15740,0.17736,0.60713,0.0226315
0.31631,0.11239,0.56550,0.00379,0.00202,0.1334829
0.42601,0.10466,0.00122,0.36477,0.10335,0.0257626
0.47878,0.10371,0.32057,0.00129,0.09564,0.0898154
0.00253,0.82136,0.17224,0.00150,0.00237,0.0097839
0.13472,0.00043,0.40110,0.45908,0.00467,0.1132597
0.08908,0.00003,0.47761,0.09852,0.33476,0.1288416
0.00017,0.63959,0.17493,0.00007,0.18524,0.0116796
0.61081,0.00157,0.14899,0.12363,0.11501,0.0501967
0.87172,0.11760,0.00303,0.00459,0.00306,0.0443972
0.17467,0.00108,0.19234,0.21507,0.41684,0.0600617
0.00360,0.00240,0.76626,0.00403,0.22370,0.1379454
0.00372,0.00099,0.16702,0.82514,0.00313,0.0671163
0.11331,0.17682,0.59752,0.00043,0.11192,0.1479343
0.00412,0.35597,0.06222,0.57558,0.00211,0.1124799
0.00350,0.00267,0.58295,0.23827,0.17261,0.1449382
0.43627,0.00410,0.40629,0.14917,0.00417,0.1013886
0.00438,0.14366,0.84487,0.00286,0.00422,0.1175594
0.16090,0.00410,0.83309,0.00167,0.00025,0.2088659
0.00089,0.07932,0.45130,0.37760,0.09089,0.1201160
0.10765,0.27031,0.11959,0.40408,0.09837,0.0742823
0.12519,0.39526,0.37914,0.00046,0.09994,0.1009653
0.15244,0.00254,0.83994,0.00099,0.00409,0.1967287
0.34615,0.39799,0.15529,0.00102,0.09955,0.0525509
0.32716,0.00033,0.36072,0.18578,0.12602,0.1044964
0.00432,0.67069,0.00260,0.16909,0.15330,0.0212309
