     Ir,     Pd,     Pt,     Rh,     Ru, activity
0.20501,0.33120,0.12711,0.22821,0.10847,0.0974621
0.11631,0.03996,0.14154,0.43248,0.26970,0.0144452
0.26857,0.35517,0.22914,0.13755,0.00958,0.0782105
0.19726,0.48674,0.01197,0.19418,0.10986,0.1381835
0.00376,0.69666,0.00444,0.08786,0.20728,0.1259788
0.25638,0.51891,0.00109,0.00021,0.22342,0.1411321
0.24636,0.63002,0.00460,0.05803,0.06099,0.1315179
0.16206,0.51794,0.00209,0.09172,0.22618,0.1550230
0.06363,0.46369,0.00428,0.08960,0.37880,0.1464555
0.12339,0.51265,0.00182,0.10705,0.25510,0.1543582
0.08015,0.50966,0.11686,0.03019,0.26315,0.1572174
0.09662,0.51427,0.08194,0.05915,0.24802,0.1569548
0.09947,0.52900,0.08205,0.00030,0.28918,0.1590535
0.10023,0.52453,0.08506,0.00410,0.28607,0.1579919
0.09691,0.48864,0.10537,0.00347,0.30562,0.1577272
0.00400,0.49874,0.16759,0.00349,0.32618,0.1467560
0.11157,0.52654,0.07020,0.02447,0.26722,0.1587134
0.10966,0.53696,0.06744,0.00489,0.28105,0.1598262
0.10987,0.53813,0.06210,0.00279,0.28711,0.1571301
0.11564,0.52425,0.08017,0.02721,0.25273,0.1579615
0.11331,0.52576,0.07399,0.02708,0.25987,0.1566143
0.11370,0.52014,0.06887,0.00425,0.29304,0.1617024
0.11326,0.51638,0.06551,0.00059,0.30426,0.1590306
0.11689,0.50212,0.07262,0.00378,0.30459,0.1564163
0.10954,0.53651,0.06012,0.00363,0.29020,0.1648669
0.10339,0.54752,0.04099,0.00021,0.30788,0.1530384
0.11756,0.53363,0.09189,0.00120,0.25572,0.1611085
0.11461,0.53575,0.09723,0.00061,0.25179,0.1548306
0.12027,0.50301,0.08247,0.00244,0.29180,0.1573913
0.11055,0.52377,0.06738,0.02763,0.27067,0.1599027
0.11210,0.52557,0.06809,0.02733,0.26691,0.1558526
0.11266,0.52556,0.07248,0.01467,0.27462,0.1596188
0.11624,0.52502,0.07796,0.00399,0.27678,0.1566583
0.10827,0.52585,0.06622,0.03082,0.26885,0.1637302
0.10952,0.52372,0.06390,0.03831,0.26454,0.1587308
0.10963,0.52592,0.06490,0.03684,0.26271,0.1568468
0.11007,0.52412,0.06506,0.03062,0.27013,0.1587677
0.10729,0.52637,0.06741,0.03099,0.26793,0.1601042
0.00224,0.67434,0.31804,0.00144,0.00395,0.0645489
0.10602,0.52119,0.05961,0.03774,0.27544,0.1663762
0.00151,0.00335,0.13774,0.00475,0.85266,0.0011294
0.10292,0.52110,0.05628,0.04712,0.27258,0.1592295
0.10245,0.52641,0.05591,0.04334,0.27189,0.1580803
0.10135,0.52432,0.05631,0.04131,0.27671,0.1597576
0.00061,0.00121,0.99017,0.00315,0.00486,0.0671451
0.10240,0.52304,0.05753,0.04410,0.27292,0.1607776
0.10463,0.52450,0.05438,0.04412,0.27236,0.1610150
0.09990,0.52125,0.05830,0.04580,0.27475,0.1622262
0.09927,0.52234,0.05511,0.04966,0.27362,0.1600439
0.10384,0.52372,0.05393,0.04708,0.27144,0.1606657
0.00450,0.00175,0.63383,0.00393,0.35599,0.0655048
0.10561,0.52101,0.05599,0.04641,0.27098,0.1628004
0.10091,0.52229,0.05293,0.05280,0.27107,0.1590552
0.10300,0.52035,0.05365,0.04848,0.27452,0.1538993
0.10634,0.52102,0.05470,0.04278,0.27516,0.1592261
0.10472,0.52351,0.05549,0.04164,0.27463,0.1604308
0.10623,0.52326,0.05306,0.04357,0.27389,0.1591662
0.10826,0.52241,0.05477,0.04205,0.27251,0.1623103
0.10704,0.52393,0.05299,0.04463,0.27142,0.1618042
0.10586,0.52133,0.05535,0.04486,0.27260,0.1588244
0.10370,0.52532,0.05525,0.04494,0.27079,0.1558872
0.10951,0.51784,0.05891,0.04236,0.27138,0.1536661
0.10518,0.53284,0.04708,0.03212,0.28279,0.1635255
0.10522,0.53613,0.04421,0.02887,0.28556,0.1609952
0.10558,0.53819,0.04127,0.02846,0.28650,0.1604081
0.10254,0.53998,0.04168,0.02745,0.28835,0.1640565
0.00188,0.52878,0.00389,0.46064,0.00482,0.0592296
0.98761,0.00308,0.00265,0.00286,0.00380,0.0001220
0.10381,0.54597,0.03498,0.02645,0.28878,0.1623807
0.09866,0.54606,0.03662,0.02567,0.29299,0.1595542
0.10180,0.54422,0.03725,0.02640,0.29033,0.1612638
0.10162,0.54663,0.03339,0.02442,0.29394,0.1603663
0.09982,0.54846,0.03399,0.02507,0.29266,0.1564301
0.10436,0.54376,0.03554,0.02911,0.28723,0.1633203
0.10327,0.54610,0.03555,0.02579,0.28928,0.1597036
0.10233,0.54556,0.03520,0.02708,0.28983,0.1641750
0.10416,0.54528,0.03390,0.02703,0.28963,0.1657474
0.00140,0.00051,0.66971,0.32418,0.00421,0.0682194
0.09967,0.55153,0.03117,0.01876,0.29887,0.1636783
0.10370,0.55429,0.02383,0.01702,0.30115,0.1689594
0.10548,0.56687,0.00825,0.00741,0.31199,0.1646851
0.31004,0.00100,0.68639,0.00028,0.00230,0.1589285
0.40564,0.00303,0.58584,0.00292,0.00257,0.1614409
0.33549,0.00306,0.58459,0.00114,0.07572,0.1398773
0.37163,0.00225,0.62186,0.00340,0.00086,0.1640642
0.11514,0.57590,0.00182,0.00439,0.30275,0.1627619
0.37166,0.00461,0.62146,0.00001,0.00226,0.1613024
0.30028,0.06593,0.62889,0.00216,0.00274,0.1159078
0.36863,0.00128,0.57055,0.05868,0.00086,0.1463769
0.08866,0.56671,0.01803,0.00486,0.32174,0.1647826
0.00436,0.00130,0.00185,0.98946,0.00304,0.0000005
0.55305,0.00355,0.00457,0.43753,0.00129,0.0013406
0.49675,0.00110,0.00371,0.00497,0.49347,0.0000111
0.08044,0.56494,0.01942,0.00254,0.33266,0.1651826
0.06848,0.56625,0.01909,0.00171,0.34447,0.1664310
0.04760,0.57070,0.01438,0.00433,0.36299,0.1585672
0.42295,0.00171,0.56881,0.00329,0.00325,0.1596583
0.10136,0.56865,0.00041,0.00061,0.32898,0.1673012
0.09934,0.56834,0.00454,0.00403,0.32375,0.1620883
0.00054,0.46976,0.26020,0.26589,0.00361,0.0970460
0.10337,0.56376,0.00156,0.00157,0.32974,0.1661064
0.17716,0.00089,0.34522,0.00483,0.47189,0.0292476
0.38101,0.00015,0.61108,0.00347,0.00429,0.1626002
0.10075,0.55733,0.00335,0.00343,0.33514,0.1595848
0.10122,0.56764,0.00188,0.00057,0.32868,0.1641217
0.10483,0.56907,0.00024,0.00024,0.32561,0.1655901
0.10188,0.56865,0.00122,0.00232,0.32592,0.1632294
0.00396,0.00132,0.35546,0.63767,0.00160,0.0252573
0.10251,0.56622,0.00026,0.00181,0.32919,0.1714425
0.10320,0.56602,0.00196,0.00275,0.32606,0.1590885
0.10408,0.56582,0.00135,0.00147,0.32728,0.1635566
0.10354,0.56293,0.00141,0.00061,0.33151,0.1617837
0.10530,0.56703,0.00015,0.00373,0.32379,0.1656701
0.10077,0.56564,0.00243,0.00061,0.33055,0.1596273
0.10365,0.57399,0.00046,0.00452,0.31738,0.1668851
0.61066,0.37817,0.00230,0.00500,0.00388,0.0492605
0.10204,0.57248,0.00025,0.00236,0.32287,0.1623352
0.09850,0.57146,0.00360,0.00005,0.32639,0.1658276
0.09994,0.57644,0.00179,0.00127,0.32056,0.1675864
0.10394,0.57991,0.00073,0.00492,0.31050,0.1660193
0.10132,0.57991,0.00142,0.00037,0.31698,0.1620393
0.10097,0.57830,0.00163,0.00153,0.31756,0.1639348
0.10270,0.57469,0.00411,0.00132,0.31718,0.1660724
0.10134,0.57990,0.00166,0.00297,0.31413,0.1656639
0.10279,0.58055,0.00449,0.00091,0.31126,0.1686277
0.10668,0.58472,0.00113,0.00294,0.30453,0.1609483
0.10214,0.58059,0.00183,0.00262,0.31282,0.1585233
0.09465,0.56911,0.00477,0.00203,0.32943,0.1646901
0.09634,0.56798,0.00342,0.00449,0.32777,0.1669536
0.09969,0.56527,0.00037,0.00455,0.33012,0.1630445
0.09900,0.56919,0.00140,0.00090,0.32950,0.1639788
0.09728,0.57119,0.00398,0.00105,0.32650,0.1637940
0.09767,0.56959,0.00248,0.00300,0.32726,0.1603131
0.09849,0.57367,0.00435,0.00067,0.32282,0.1647449
0.10002,0.57492,0.00142,0.00484,0.31880,0.1592822
0.09607,0.56231,0.00489,0.00434,0.33240,0.1626119
0.09969,0.56947,0.00332,0.00263,0.32490,0.1706425
0.10196,0.56497,0.00039,0.00368,0.32899,0.1676213
0.09727,0.56023,0.00318,0.00120,0.33812,0.1608153
0.10477,0.57500,0.00061,0.00004,0.31957,0.1649705
0.10104,0.57516,0.00177,0.00414,0.31789,0.1686783
0.10139,0.57880,0.00438,0.00240,0.31304,0.1635379
0.42851,0.00245,0.56568,0.00331,0.00005,0.1647452
0.10378,0.57745,0.00102,0.00390,0.31385,0.1660521
0.10446,0.58191,0.00177,0.00491,0.30694,0.1654376
0.10461,0.58209,0.00026,0.00015,0.31289,0.1626091
0.10327,0.57798,0.00042,0.00464,0.31369,0.1633453
0.10237,0.57822,0.00338,0.00367,0.31235,0.1633719
0.10526,0.57681,0.00180,0.00205,0.31409,0.1600561
0.10168,0.56877,0.00023,0.00280,0.32652,0.1695874
