     Ag,     Ir,     Pd,     Pt,     Ru, activity
0.17312,0.18964,0.04812,0.28526,0.30386,0.0382400
0.02026,0.29390,0.15255,0.42516,0.10813,0.0844655
0.00191,0.22933,0.08862,0.67885,0.00128,0.0994839
0.00447,0.00042,0.43483,0.55805,0.00223,0.0890008
0.00299,0.98838,0.00297,0.00400,0.00167,0.0005218
0.00083,0.16851,0.20645,0.62179,0.00241,0.0882091
0.00152,0.00323,0.82447,0.17065,0.00013,0.0786885
0.00010,0.37084,0.00365,0.62236,0.00305,0.1387707
0.00470,0.48378,0.00384,0.50726,0.00043,0.1384001
0.13918,0.36147,0.00268,0.49543,0.00124,0.0839749
0.00411,0.00385,0.50820,0.00263,0.48120,0.1147997
0.29107,0.00007,0.51806,0.00096,0.18984,0.1124410
0.00463,0.00035,0.52790,0.19728,0.26984,0.1506212
0.00262,0.13104,0.56620,0.06991,0.23024,0.1544088
0.00406,0.03418,0.63188,0.06294,0.26693,0.1537629
0.00432,0.06302,0.57562,0.10815,0.24888,0.1558997
0.05335,0.04788,0.56935,0.09477,0.23466,0.1550160
0.00060,0.12868,0.61730,0.00194,0.25149,0.1565507
0.04310,0.10796,0.59929,0.00171,0.24794,0.1554604
0.00000,0.08971,0.59326,0.06136,0.25567,0.1543373
0.00445,0.22162,0.63535,0.00409,0.13449,0.1508792
0.00477,0.11699,0.61608,0.03560,0.22655,0.1593646
0.00200,0.12822,0.64886,0.00171,0.21921,0.1587716
0.99070,0.00282,0.00364,0.00264,0.00019,0.0114135
0.02643,0.11905,0.64129,0.00422,0.20901,0.1610466
0.04786,0.11404,0.64516,0.00085,0.19210,0.1617130
0.00128,0.00135,0.00176,0.00196,0.99365,0.0000000
0.05732,0.11411,0.64457,0.00428,0.17972,0.1520238
0.00172,0.12492,0.65260,0.00213,0.21864,0.1552195
0.02531,0.12779,0.62833,0.00011,0.21846,0.1546013
0.18806,0.23551,0.57035,0.00417,0.00191,0.1332616
0.03360,0.11516,0.61290,0.03724,0.20110,0.1523541
0.00013,0.13012,0.64259,0.00025,0.22690,0.1588040
0.00079,0.12718,0.64383,0.00149,0.22671,0.1581805
0.00213,0.12681,0.63981,0.00446,0.22678,0.1579750
0.00031,0.50757,0.48655,0.00201,0.00356,0.0891190
0.00140,0.12984,0.64103,0.00174,0.22600,0.1623624
0.24802,0.00009,0.49821,0.25073,0.00295,0.1287674
0.00021,0.12377,0.64505,0.00101,0.22997,0.1585829
0.00213,0.12338,0.64779,0.00041,0.22630,0.1540551
0.00024,0.13571,0.63174,0.00400,0.22830,0.1577805
0.00132,0.13446,0.63224,0.00382,0.22815,0.1587324
0.06903,0.00340,0.58908,0.13565,0.20284,0.1488135
0.00409,0.13978,0.62335,0.00137,0.23141,0.1566913
0.11515,0.00007,0.43911,0.22808,0.21758,0.1342019
0.00420,0.13507,0.62874,0.00044,0.23155,0.1610974
0.00051,0.00129,0.00138,0.54925,0.44757,0.0252473
0.54996,0.44212,0.00308,0.00321,0.00163,0.0138026
0.00193,0.52016,0.00080,0.00155,0.47557,0.0000001
0.00392,0.13908,0.62579,0.00347,0.22774,0.1575044
0.00417,0.13540,0.62856,0.00309,0.22878,0.1575413
0.00443,0.11566,0.62217,0.03977,0.21796,0.1566440
0.00070,0.13199,0.63466,0.00261,0.23004,0.1547364
0.00267,0.12736,0.63460,0.00328,0.23209,0.1547119
0.00442,0.13797,0.62930,0.00046,0.22784,0.1561604
0.00351,0.11082,0.62383,0.04199,0.21986,0.1562531
0.00169,0.12584,0.64350,0.00154,0.22742,0.1623412
0.00488,0.11736,0.64844,0.00178,0.22753,0.1593881
0.00314,0.11315,0.65077,0.00303,0.22991,0.1617467
0.27939,0.00047,0.71451,0.00214,0.00350,0.1710707
0.60646,0.00293,0.00472,0.38245,0.00345,0.0145752
0.46503,0.00008,0.00332,0.00096,0.53061,0.0246511
0.00232,0.00135,0.30160,0.22620,0.46853,0.0721621
0.27443,0.00151,0.72226,0.00113,0.00067,0.1773151
0.00457,0.21345,0.51681,0.26040,0.00477,0.1072473
0.25083,0.00098,0.74225,0.00420,0.00174,0.1882662
0.21326,0.00039,0.00083,0.78121,0.00430,0.0439774
0.72471,0.00360,0.00457,0.00034,0.26678,0.0573642
0.20921,0.00121,0.78136,0.00489,0.00333,0.1964262
0.17262,0.00089,0.82093,0.00382,0.00174,0.2046031
0.67038,0.00480,0.31703,0.00403,0.00376,0.0343322
0.20579,0.37845,0.24078,0.00290,0.17208,0.0665580
0.27055,0.72029,0.00446,0.00179,0.00291,0.0020992
0.35827,0.17891,0.26546,0.19308,0.00428,0.0893339
0.00475,0.62604,0.00279,0.22437,0.14206,0.0375965
0.00403,0.25080,0.31605,0.00085,0.42827,0.0540990
0.44374,0.25937,0.00065,0.00228,0.29397,0.0112790
0.27098,0.00058,0.25668,0.46806,0.00371,0.0902828
0.40768,0.00071,0.00040,0.30720,0.28401,0.0221465
0.00459,0.49539,0.24829,0.25091,0.00081,0.0767141
0.00056,0.00245,0.00461,0.98798,0.00439,0.0416301
0.00226,0.00204,0.00208,0.26669,0.72693,0.0077080
0.27970,0.00067,0.28122,0.00059,0.43782,0.0762456
0.45604,0.00346,0.23048,0.13137,0.17865,0.0725367
0.15365,0.00350,0.83885,0.00199,0.00201,0.2039457
0.00149,0.00132,0.18273,0.64421,0.17024,0.0832179
0.21932,0.00015,0.00437,0.00108,0.77509,0.0017630
0.00027,0.00274,0.38837,0.40547,0.20315,0.1264828
0.00071,0.24832,0.00001,0.00017,0.75079,0.0000000
0.44659,0.25814,0.28845,0.00204,0.00478,0.0876513
0.00032,0.30041,0.40553,0.12745,0.16629,0.1037378
0.00161,0.22443,0.00151,0.59690,0.17555,0.0732938
0.00335,0.30846,0.00311,0.26094,0.42414,0.0103460
0.29460,0.47767,0.00379,0.22087,0.00308,0.0327667
0.15821,0.00014,0.83771,0.00272,0.00122,0.2093766
0.14302,0.00425,0.84712,0.00223,0.00338,0.1977883
0.16472,0.00107,0.83180,0.00140,0.00101,0.2051427
0.78825,0.20299,0.00396,0.00119,0.00360,0.0373726
0.14190,0.03844,0.81170,0.00418,0.00378,0.1685961
0.21394,0.44094,0.34107,0.00262,0.00143,0.0898745
0.56693,0.21534,0.00171,0.21537,0.00066,0.0244713
0.23672,0.18255,0.40616,0.00079,0.17378,0.1205273
0.13427,0.13896,0.37208,0.35358,0.00111,0.1079436
0.15011,0.00405,0.84335,0.00151,0.00098,0.2029078
0.20813,0.25519,0.00449,0.00452,0.52766,0.0015653
0.20177,0.00135,0.00176,0.58240,0.21272,0.0372867
0.15932,0.00161,0.83647,0.00098,0.00162,0.2020489
0.00470,0.76431,0.22606,0.00128,0.00364,0.0191950
0.15957,0.00145,0.83524,0.00047,0.00326,0.2056152
0.43749,0.00175,0.55651,0.00014,0.00411,0.0915193
0.00236,0.77990,0.00130,0.00095,0.21549,0.0000543
0.21795,0.00449,0.00408,0.24362,0.52986,0.0148030
0.81126,0.00236,0.00391,0.18175,0.00073,0.0162627
0.48738,0.00218,0.27616,0.23400,0.00028,0.0771444
0.00141,0.00167,0.24215,0.00083,0.75394,0.0122395
0.00452,0.12556,0.37008,0.26586,0.23397,0.1108922
0.00428,0.00174,0.98714,0.00255,0.00429,0.0721062
0.12988,0.28838,0.45099,0.12958,0.00116,0.1132582
0.00363,0.00106,0.61889,0.37350,0.00291,0.0876799
0.00461,0.00134,0.00289,0.80232,0.18884,0.0448619
0.00308,0.51163,0.29478,0.00304,0.18746,0.0492157
0.18216,0.00374,0.22591,0.35183,0.23636,0.0887341
0.18130,0.00440,0.80863,0.00284,0.00284,0.2001785
0.34211,0.12905,0.00416,0.52323,0.00146,0.0402027
0.22194,0.53812,0.00331,0.00044,0.23620,0.0010156
0.00223,0.74322,0.00050,0.25175,0.00229,0.1061258
0.18183,0.00171,0.81217,0.00051,0.00377,0.1986396
0.17838,0.00205,0.81508,0.00316,0.00134,0.2032931
0.00363,0.27471,0.71746,0.00052,0.00368,0.1229388
0.18009,0.00193,0.81526,0.00176,0.00096,0.2053386
0.17901,0.00301,0.81281,0.00090,0.00427,0.1945914
0.18170,0.00328,0.81352,0.00025,0.00125,0.2025907
0.17997,0.00203,0.81465,0.00330,0.00006,0.2007479
0.52919,0.00476,0.19861,0.00302,0.26442,0.0648418
0.00055,0.00498,0.18426,0.80614,0.00407,0.0699009
0.17870,0.00074,0.81508,0.00194,0.00355,0.2033677
0.18225,0.00142,0.81093,0.00391,0.00150,0.2014984
0.17950,0.00244,0.81593,0.00213,0.00000,0.2060103
0.17966,0.00214,0.81490,0.00268,0.00062,0.2034092
0.17730,0.00136,0.81213,0.00484,0.00437,0.2011876
0.18132,0.00186,0.81185,0.00362,0.00135,0.2094921
0.17994,0.00140,0.81448,0.00010,0.00408,0.2017001
0.18029,0.00104,0.81294,0.00386,0.00187,0.2052110
0.18280,0.00257,0.81162,0.00178,0.00124,0.1991103
0.18105,0.00216,0.81019,0.00244,0.00416,0.1979235
0.17743,0.00360,0.78427,0.03029,0.00441,0.1763087
0.17943,0.00233,0.81321,0.00253,0.00251,0.2002413
0.00187,0.30056,0.52274,0.00056,0.17427,0.1303061
0.15272,0.00394,0.79161,0.00292,0.04881,0.1593455
0.11173,0.00430,0.54165,0.00484,0.33748,0.1392342
