     Ag,     Ir,     Pd,     Pt,     Ru, activity
0.04286,0.05157,0.35391,0.23316,0.31850,0.1117113
0.06662,0.34159,0.32078,0.05378,0.21724,0.0810320
0.00498,0.00491,0.00118,0.98399,0.00493,0.0456758
0.00184,0.00396,0.04800,0.16455,0.78165,0.0042583
0.05400,0.03692,0.45209,0.39309,0.06391,0.1202427
0.33138,0.00325,0.41315,0.17217,0.08005,0.1105487
0.00123,0.00426,0.70000,0.12192,0.17259,0.1399628
0.99161,0.00065,0.00266,0.00401,0.00108,0.0113481
0.00163,0.51529,0.00093,0.47803,0.00413,0.1424466
0.22437,0.32357,0.00478,0.44694,0.00034,0.0604012
0.00296,0.76371,0.00054,0.23116,0.00162,0.0924130
0.23611,0.00208,0.75368,0.00475,0.00338,0.1826291
0.01540,0.00167,0.97662,0.00147,0.00484,0.0881855
0.21030,0.12976,0.65501,0.00324,0.00170,0.1479944
0.33657,0.00273,0.65692,0.00370,0.00008,0.1406802
0.00035,0.42604,0.00449,0.33137,0.23776,0.0343841
0.16279,0.00145,0.69650,0.13803,0.00123,0.1470229
0.16637,0.00002,0.68672,0.00265,0.14423,0.1286693
0.00468,0.37752,0.27296,0.34179,0.00306,0.0860235
0.00377,0.15069,0.52702,0.18245,0.13607,0.1335430
0.40607,0.00353,0.12734,0.18609,0.27698,0.0533075
0.41316,0.31604,0.23573,0.03299,0.00209,0.0753655
0.00223,0.31722,0.00412,0.67603,0.00040,0.1292837
0.00462,0.00281,0.19306,0.61191,0.18760,0.0850344
0.30056,0.00249,0.24002,0.45628,0.00064,0.0857350
0.00109,0.00069,0.49903,0.00448,0.49470,0.1085997
0.61520,0.00200,0.21274,0.16707,0.00300,0.0565993
0.31461,0.67775,0.00251,0.00368,0.00145,0.0029467
0.00426,0.22325,0.76771,0.00043,0.00435,0.1285740
0.00446,0.53770,0.45460,0.00038,0.00286,0.0830130
0.00345,0.20500,0.23265,0.00293,0.55597,0.0182848
0.62115,0.23918,0.00370,0.00211,0.13385,0.0268928
0.27017,0.00272,0.31003,0.00089,0.41619,0.0852463
0.00086,0.16460,0.57694,0.00407,0.25353,0.1467889
0.37193,0.00333,0.00012,0.00359,0.62103,0.0109152
0.00260,0.74139,0.00358,0.00480,0.24764,0.0000924
0.00183,0.00267,0.00114,0.53179,0.46258,0.0252022
0.22577,0.17864,0.34649,0.24525,0.00384,0.1053306
0.00466,0.00148,0.31095,0.68174,0.00117,0.0777836
0.31208,0.32970,0.00215,0.00369,0.35237,0.0039443
0.00147,0.00318,0.53106,0.19333,0.27096,0.1482906
0.54421,0.00390,0.24676,0.00381,0.20133,0.0679068
0.25127,0.00062,0.00019,0.74426,0.00366,0.0422321
0.00055,0.24494,0.18093,0.57230,0.00129,0.0944325
0.11460,0.33214,0.54829,0.00457,0.00040,0.1274980
0.24847,0.17772,0.37803,0.00458,0.19120,0.1170569
0.00252,0.61683,0.15509,0.22327,0.00229,0.0658205
0.19378,0.00201,0.80170,0.00031,0.00219,0.2024454
0.57624,0.00492,0.00026,0.41634,0.00225,0.0147183
0.00197,0.19429,0.00055,0.62869,0.17449,0.0762975
0.20435,0.47862,0.31236,0.00057,0.00410,0.0791646
0.17497,0.00179,0.27594,0.35925,0.18805,0.0971828
0.20627,0.00042,0.00301,0.27099,0.51931,0.0144868
0.15627,0.56110,0.00461,0.27462,0.00340,0.0563570
0.00085,0.38148,0.00110,0.00033,0.61624,0.0000000
0.69670,0.00387,0.00183,0.00087,0.29672,0.0535310
0.12711,0.00093,0.47864,0.09946,0.29386,0.1334376
0.49735,0.27243,0.00090,0.22602,0.00330,0.0238455
0.25066,0.00300,0.00218,0.52228,0.22188,0.0335313
0.00117,0.99057,0.00179,0.00169,0.00478,0.0000001
0.00306,0.20193,0.00498,0.25856,0.53147,0.0088492
0.59627,0.00325,0.39741,0.00293,0.00014,0.0456386
0.00182,0.16280,0.28271,0.38145,0.17122,0.0987926
0.25773,0.21680,0.16943,0.18959,0.16645,0.0674982
0.00331,0.16492,0.45880,0.00077,0.37220,0.1160859
0.00222,0.00337,0.70733,0.28694,0.00014,0.0833549
0.75097,0.14155,0.09832,0.00476,0.00441,0.0497096
0.17106,0.00105,0.82127,0.00237,0.00424,0.2078247
0.00125,0.00493,0.00470,0.00215,0.98698,0.0000000
0.00211,0.00194,0.26378,0.00239,0.72978,0.0172097
0.00166,0.32151,0.54284,0.00136,0.13263,0.1271200
0.20609,0.00277,0.46552,0.32213,0.00349,0.1249111
0.00269,0.29053,0.55026,0.15631,0.00020,0.1085327
0.00313,0.00067,0.69074,0.00174,0.30372,0.1513576
0.79993,0.00453,0.00181,0.19234,0.00139,0.0184339
0.00140,0.00324,0.20515,0.30462,0.48559,0.0496743
0.48798,0.10387,0.00437,0.00417,0.39961,0.0204125
0.55396,0.44039,0.00274,0.00059,0.00232,0.0147170
0.36636,0.19664,0.43521,0.00178,0.00002,0.1149003
0.00498,0.49170,0.12278,0.00429,0.37626,0.0037343
0.00484,0.00017,0.40163,0.39054,0.20283,0.1284548
0.13906,0.12881,0.00377,0.00099,0.72736,0.0001805
0.21905,0.18083,0.19865,0.00023,0.40124,0.0551056
0.18009,0.18958,0.00394,0.34826,0.27814,0.0336055
0.21214,0.57660,0.00437,0.00061,0.20628,0.0009013
0.81518,0.00062,0.17862,0.00216,0.00342,0.0164150
0.00141,0.00338,0.14544,0.84568,0.00409,0.0633708
0.00123,0.15386,0.43938,0.40223,0.00331,0.1022439
0.00133,0.78897,0.20314,0.00265,0.00392,0.0152314
0.14479,0.00211,0.21944,0.63327,0.00039,0.0883465
0.42920,0.11638,0.28380,0.16909,0.00153,0.0885980
0.58965,0.00287,0.00242,0.21372,0.19134,0.0266451
0.18153,0.00195,0.18188,0.00056,0.63408,0.0317024
0.00140,0.00388,0.51526,0.47451,0.00495,0.0911736
0.00202,0.16699,0.00245,0.82505,0.00349,0.0916184
0.13752,0.19359,0.00436,0.66144,0.00308,0.0806196
0.16987,0.00433,0.82482,0.00029,0.00068,0.2053168
0.00238,0.57052,0.27489,0.00311,0.14909,0.0395869
0.41304,0.20896,0.20405,0.00259,0.17136,0.0660210
0.16207,0.00377,0.82945,0.00054,0.00417,0.2026230
0.13188,0.04892,0.81159,0.00290,0.00471,0.1669348
0.16343,0.12918,0.56637,0.13811,0.00291,0.1322354
0.00328,0.00004,0.42431,0.13628,0.43609,0.1046397
0.00430,0.64018,0.00097,0.22723,0.12732,0.0423035
0.10439,0.36066,0.00189,0.12348,0.40958,0.0055216
0.14406,0.35140,0.37720,0.12625,0.00109,0.1059420
0.35560,0.10876,0.00342,0.53031,0.00192,0.0352370
0.09445,0.00153,0.55635,0.00157,0.34610,0.1441928
0.33682,0.00040,0.46263,0.00154,0.19861,0.1034903
0.00247,0.00124,0.00151,0.80930,0.18547,0.0434725
0.00160,0.00026,0.83575,0.00353,0.15885,0.1192503
0.15327,0.22664,0.19155,0.42807,0.00048,0.0852603
0.00262,0.39637,0.00002,0.52629,0.07469,0.1054319
0.00215,0.24599,0.22173,0.19666,0.33348,0.0484207
0.16616,0.00494,0.82202,0.00332,0.00356,0.1982765
0.00220,0.13074,0.69790,0.00403,0.16513,0.1516612
0.11372,0.15912,0.56433,0.00333,0.15951,0.1487363
0.13704,0.10641,0.43847,0.15666,0.16142,0.1309253
0.00151,0.00389,0.56674,0.28350,0.14436,0.1341691
0.00098,0.09044,0.80484,0.10360,0.00014,0.0995525
0.14066,0.85185,0.00469,0.00009,0.00270,0.0005716
0.46745,0.00355,0.12834,0.00153,0.39913,0.0502147
0.34391,0.00003,0.51714,0.13859,0.00033,0.1233899
0.00041,0.11184,0.11245,0.45835,0.31694,0.0550948
0.26855,0.43087,0.13573,0.16073,0.00411,0.0577994
0.17886,0.00057,0.24272,0.15737,0.42049,0.0732752
0.33685,0.37388,0.00089,0.14650,0.14188,0.0216388
0.00060,0.45114,0.09002,0.45346,0.00478,0.1090108
0.00438,0.35197,0.38708,0.15358,0.10300,0.1011372
0.40023,0.10753,0.00205,0.34147,0.14871,0.0273080
0.23054,0.38904,0.23092,0.00035,0.14915,0.0689642
0.14401,0.00434,0.60914,0.23907,0.00344,0.1310727
0.31013,0.10783,0.00070,0.13519,0.44616,0.0101803
0.00362,0.06148,0.57842,0.07238,0.28409,0.1525157
0.12069,0.00182,0.54377,0.17969,0.15403,0.1374625
0.11359,0.08897,0.47042,0.00046,0.32656,0.1304471
0.12240,0.00292,0.00381,0.76490,0.10597,0.0515786
0.13311,0.00324,0.39620,0.46721,0.00023,0.1123168
0.39192,0.00034,0.32466,0.28061,0.00247,0.0978279
0.00418,0.39253,0.16162,0.31527,0.12640,0.0664679
0.17360,0.00165,0.82035,0.00259,0.00182,0.2073506
0.16737,0.00452,0.82507,0.00071,0.00233,0.2001191
0.18778,0.27641,0.45822,0.00039,0.07720,0.1263922
0.00028,0.00108,0.00196,0.35072,0.64597,0.0116235
0.00217,0.12286,0.52438,0.11719,0.23340,0.1427110
0.16823,0.65645,0.16746,0.00395,0.00392,0.0334966
0.00051,0.30933,0.42124,0.00120,0.26771,0.1022983
0.17537,0.00108,0.82009,0.00160,0.00186,0.2089197
0.00444,0.12721,0.13263,0.68349,0.05222,0.0817150
0.30249,0.00255,0.34309,0.12023,0.23165,0.0982298
