     Ag,     Ir,     Pd,     Pt,     Ru, activity
0.19973,0.16814,0.28460,0.25087,0.09665,0.0987245
0.01056,0.39010,0.27761,0.07871,0.24302,0.0563527
0.59357,0.00326,0.00289,0.39748,0.00280,0.0147884
0.07396,0.08433,0.51178,0.29924,0.03069,0.1171385
0.00211,0.00062,0.36210,0.57393,0.06124,0.0990599
0.05018,0.00226,0.47598,0.21578,0.25579,0.1376960
0.22388,0.00184,0.57482,0.00114,0.19832,0.1282132
0.10704,0.00113,0.26110,0.00353,0.62720,0.0411440
0.00318,0.00363,0.76106,0.00992,0.22221,0.1439363
0.00342,0.00154,0.00179,0.58495,0.40830,0.0305561
0.46593,0.52508,0.00120,0.00375,0.00404,0.0075600
0.00321,0.00156,0.66100,0.00127,0.33296,0.1517098
0.00274,0.12662,0.63662,0.00383,0.23019,0.1568490
0.00343,0.29002,0.00230,0.70418,0.00007,0.1210782
0.00257,0.52086,0.00102,0.47146,0.00409,0.1418394
0.00449,0.33651,0.18711,0.46743,0.00446,0.0969840
0.00465,0.27160,0.72163,0.00203,0.00010,0.1246623
0.19317,0.09691,0.70402,0.00324,0.00266,0.1559992
0.15077,0.00328,0.84108,0.00483,0.00004,0.2062082
0.00321,0.88151,0.00414,0.10640,0.00473,0.0403198
0.22332,0.30195,0.00407,0.46910,0.00156,0.0616846
0.64112,0.00488,0.00278,0.00074,0.35048,0.0436364
0.71246,0.00020,0.28069,0.00231,0.00435,0.0263093
0.00316,0.35853,0.00180,0.39243,0.24408,0.0430666
0.33463,0.00195,0.00330,0.27074,0.38939,0.0176284
0.00136,0.61742,0.37538,0.00400,0.00183,0.0582623
0.28879,0.00031,0.34447,0.36472,0.00171,0.1030874
0.04352,0.00120,0.95089,0.00064,0.00375,0.1294560
0.30132,0.29973,0.00404,0.00379,0.39112,0.0032340
0.00453,0.00278,0.04269,0.94891,0.00109,0.0494044
0.22483,0.00127,0.10016,0.66963,0.00410,0.0603312
0.12962,0.61060,0.00497,0.25291,0.00190,0.0552959
0.13433,0.00461,0.76687,0.08941,0.00478,0.1556442
0.00120,0.14369,0.43131,0.00303,0.42077,0.0976441
0.00469,0.00114,0.00354,0.00338,0.98725,0.0000000
0.39296,0.00182,0.26901,0.00298,0.33323,0.0773722
0.00184,0.00461,0.29577,0.39656,0.30122,0.1014930
0.98899,0.00361,0.00023,0.00432,0.00285,0.0150883
0.28370,0.36420,0.34668,0.00226,0.00316,0.0975328
0.00384,0.34981,0.48470,0.16058,0.00108,0.0989360
0.00400,0.68614,0.00499,0.00092,0.30395,0.0000012
0.72847,0.26603,0.00135,0.00248,0.00168,0.0285904
0.46308,0.19706,0.21071,0.12466,0.00450,0.0712828
0.19724,0.00128,0.79343,0.00475,0.00331,0.1994265
0.00176,0.31309,0.00149,0.00030,0.68336,0.0000000
0.00408,0.00198,0.00444,0.30233,0.68717,0.0099901
0.00303,0.34224,0.52022,0.00068,0.13383,0.1270720
0.17441,0.00201,0.82238,0.00004,0.00117,0.2041348
0.41406,0.00232,0.57776,0.00159,0.00427,0.1029439
0.18993,0.00163,0.20461,0.42880,0.17504,0.0836336
0.24305,0.20585,0.34085,0.00437,0.20588,0.1032891
0.44755,0.00402,0.23289,0.17146,0.14409,0.0709921
0.32687,0.00305,0.00280,0.00360,0.66368,0.0079965
0.14582,0.00296,0.29334,0.17697,0.38092,0.0876606
0.00121,0.00204,0.00214,0.79851,0.19610,0.0473640
0.00312,0.15488,0.44102,0.20091,0.20007,0.1277309
0.00459,0.00417,0.60731,0.38393,0.00000,0.0877008
0.48594,0.21874,0.00224,0.13983,0.15325,0.0202921
0.80274,0.00119,0.00346,0.19014,0.00247,0.0184913
0.00269,0.22953,0.00422,0.25338,0.51018,0.0086578
0.19637,0.79630,0.00030,0.00336,0.00366,0.0011160
0.00032,0.00042,0.43700,0.12098,0.44127,0.1030312
0.26024,0.00337,0.56452,0.17173,0.00014,0.1300698
0.00082,0.58595,0.15647,0.25336,0.00339,0.0716048
0.22748,0.47928,0.17077,0.00357,0.11891,0.0459119
0.00395,0.20785,0.00391,0.61326,0.17104,0.0703436
0.00288,0.00443,0.64927,0.15596,0.18746,0.1450674
0.50480,0.18305,0.17543,0.00058,0.13615,0.0640889
0.24705,0.00171,0.00074,0.58610,0.16440,0.0360645
0.00166,0.09583,0.17931,0.72195,0.00124,0.0804713
0.00395,0.49958,0.00062,0.00200,0.49386,0.0000001
0.19037,0.38540,0.22937,0.19330,0.00156,0.0806949
0.00443,0.15043,0.38941,0.45284,0.00289,0.0940207
0.00381,0.12128,0.76001,0.11130,0.00360,0.1092240
0.11465,0.00268,0.49698,0.00450,0.38119,0.1250031
0.17828,0.17178,0.18456,0.00389,0.46148,0.0430607
0.12135,0.31848,0.55219,0.00401,0.00398,0.1293707
0.19619,0.24413,0.00347,0.28867,0.26754,0.0282006
0.20096,0.00069,0.79280,0.00202,0.00353,0.2047025
0.42322,0.34417,0.00004,0.23139,0.00117,0.0274854
0.16006,0.00089,0.78523,0.00123,0.05259,0.1479876
0.27433,0.16765,0.44665,0.11097,0.00040,0.1187175
0.26085,0.00403,0.42210,0.14521,0.16781,0.1182849
0.46934,0.00166,0.36285,0.16472,0.00142,0.0871174
0.00343,0.17750,0.19041,0.35883,0.26984,0.0710491
0.08980,0.12346,0.51800,0.06189,0.20685,0.1434554
0.16035,0.00263,0.00484,0.83053,0.00165,0.0487781
0.35419,0.11450,0.14083,0.38993,0.00054,0.0624330
0.00126,0.61774,0.00303,0.24589,0.13209,0.0446432
0.11909,0.00177,0.35703,0.52072,0.00139,0.1072800
0.13516,0.00108,0.00128,0.09955,0.76293,0.0014113
0.00157,0.00070,0.47668,0.36654,0.15451,0.1358965
0.22521,0.53777,0.00302,0.00222,0.23178,0.0012054
0.00343,0.00279,0.18291,0.00037,0.81051,0.0045271
0.00056,0.00268,0.18847,0.25830,0.54999,0.0386789
0.13614,0.00272,0.00082,0.37746,0.48286,0.0205547
0.48699,0.00203,0.36708,0.00022,0.14369,0.0784154
0.82419,0.00009,0.00182,0.00084,0.17306,0.0679738
0.00149,0.00304,0.17790,0.62801,0.18956,0.0789629
0.11356,0.17405,0.14846,0.56358,0.00035,0.0833737
0.12630,0.48155,0.38387,0.00361,0.00467,0.0908749
0.00229,0.30684,0.18906,0.00442,0.49739,0.0120104
0.16083,0.16039,0.00097,0.00395,0.67387,0.0004987
0.00401,0.43286,0.56054,0.00021,0.00239,0.1042659
0.46033,0.14911,0.38806,0.00048,0.00202,0.1050833
0.00220,0.33806,0.29083,0.28008,0.08882,0.0888169
0.78727,0.10434,0.10521,0.00024,0.00294,0.0486733
0.00049,0.41358,0.00058,0.58409,0.00125,0.1457899
0.08697,0.43823,0.00206,0.41329,0.05945,0.0806176
0.00158,0.12019,0.87216,0.00301,0.00307,0.1116762
0.00235,0.86126,0.13108,0.00094,0.00438,0.0051292
0.63251,0.14596,0.00421,0.21290,0.00441,0.0235254
0.24559,0.14051,0.52471,0.00445,0.08475,0.1360536
0.62313,0.00380,0.00497,0.18373,0.18437,0.0251017
0.05890,0.22052,0.46896,0.00201,0.24962,0.1289882
0.00177,0.60539,0.22104,0.00222,0.16958,0.0204080
0.00274,0.17780,0.61636,0.07527,0.12783,0.1408880
0.38120,0.00042,0.00355,0.61420,0.00063,0.0304545
0.13296,0.20537,0.34702,0.31037,0.00428,0.1063604
0.29249,0.08377,0.00441,0.11552,0.50382,0.0102475
0.21369,0.00397,0.77628,0.00198,0.00409,0.1936026
0.12208,0.00079,0.45685,0.30567,0.11461,0.1306205
0.17668,0.00045,0.81716,0.00165,0.00407,0.2025500
0.20979,0.62206,0.16354,0.00143,0.00319,0.0351241
0.00465,0.00194,0.21545,0.77696,0.00100,0.0736841
0.00177,0.47329,0.00217,0.16218,0.36058,0.0059669
0.61811,0.00118,0.16002,0.21691,0.00378,0.0473194
0.12751,0.15922,0.00103,0.70867,0.00357,0.0785538
0.00363,0.00220,0.59959,0.10229,0.29229,0.1511591
0.16857,0.00309,0.82359,0.00045,0.00430,0.1966023
0.00322,0.10617,0.61684,0.00377,0.26999,0.1566611
0.12728,0.00462,0.79058,0.00415,0.07337,0.1421800
0.00212,0.68219,0.00380,0.30808,0.00380,0.1125873
0.00452,0.17532,0.58514,0.23283,0.00218,0.1075935
0.00303,0.14814,0.30136,0.16079,0.38667,0.0748843
0.38407,0.09616,0.00323,0.39256,0.12398,0.0302901
0.52759,0.31157,0.15468,0.00477,0.00140,0.0562863
0.67039,0.14379,0.00175,0.00205,0.18202,0.0365715
0.00148,0.10559,0.00489,0.08482,0.80322,0.0002086
0.21678,0.00347,0.77633,0.00259,0.00083,0.1961494
0.11367,0.26113,0.44702,0.08776,0.09042,0.1177302
0.08646,0.00322,0.64585,0.00338,0.26109,0.1475713
0.15172,0.00400,0.83487,0.00468,0.00474,0.1925652
0.66692,0.00098,0.14383,0.00233,0.18593,0.0580838
0.20861,0.05408,0.42425,0.00369,0.30938,0.1168153
0.00014,0.07827,0.56105,0.09586,0.26468,0.1508785
0.00119,0.10820,0.33006,0.42627,0.13428,0.1123617
0.00034,0.00102,0.84791,0.14615,0.00459,0.0774438
0.00106,0.00479,0.61464,0.22793,0.15158,0.1395793
0.21288,0.00413,0.77902,0.00314,0.00084,0.1973367
