     Ir,     Pd,     Pt,     Rh,     Ru, activity
0.36585,0.01962,0.17379,0.09295,0.34778,0.0141519
0.04886,0.28487,0.35951,0.13375,0.17301,0.1006255
0.07628,0.46721,0.36947,0.04827,0.03877,0.0936345
0.00025,0.21165,0.63654,0.14696,0.00460,0.0510356
0.00423,0.42510,0.19597,0.26557,0.10912,0.1190679
0.00024,0.52844,0.07361,0.08917,0.30855,0.1557474
0.00426,0.41565,0.00136,0.00099,0.57774,0.1232622
0.00451,0.74909,0.00450,0.00195,0.23995,0.1115625
0.00018,0.43265,0.00035,0.21539,0.35142,0.1283482
0.00198,0.48148,0.16880,0.00165,0.34609,0.1480198
0.17878,0.50781,0.00056,0.00322,0.30963,0.1558253
0.22762,0.52822,0.00491,0.12442,0.11483,0.1388764
0.58569,0.40337,0.00207,0.00451,0.00436,0.0541137
0.12110,0.48329,0.08139,0.03593,0.27829,0.1502128
0.00026,0.00437,0.00144,0.99098,0.00295,0.0000001
0.32460,0.25538,0.00469,0.41041,0.00493,0.0470562
0.00380,0.00430,0.36914,0.00161,0.62115,0.0196417
0.07378,0.55106,0.00103,0.00123,0.37290,0.1611989
0.00447,0.63806,0.00014,0.35564,0.00170,0.0761605
0.00338,0.00499,0.44375,0.54442,0.00345,0.0396745
0.42132,0.00313,0.57136,0.00381,0.00039,0.1601471
0.54400,0.00145,0.44792,0.00491,0.00173,0.1534682
0.39513,0.00179,0.47569,0.12709,0.00030,0.1181356
0.40721,0.13205,0.45572,0.00003,0.00499,0.0918193
0.00436,0.00077,0.76767,0.00209,0.22510,0.0797246
0.00449,0.00202,0.00126,0.57362,0.41861,0.0004916
0.99426,0.00139,0.00150,0.00252,0.00033,0.0000002
0.28637,0.70575,0.00260,0.00383,0.00146,0.1049796
0.14159,0.58914,0.00114,0.00438,0.26376,0.1592244
0.66076,0.00054,0.00082,0.33705,0.00084,0.0002891
0.00373,0.00107,0.47499,0.25351,0.26670,0.0315562
0.00163,0.00398,0.00466,0.00287,0.98686,0.0000000
0.00258,0.58690,0.20104,0.00416,0.20533,0.1480713
0.35928,0.00459,0.52881,0.00199,0.10534,0.1233585
0.09222,0.54463,0.00214,0.08015,0.28086,0.1634548
0.00426,0.72805,0.19770,0.06605,0.00394,0.0746804
0.29274,0.00242,0.00212,0.69873,0.00399,0.0002012
0.00339,0.00040,0.99334,0.00221,0.00066,0.0664326
0.11390,0.56481,0.08381,0.00288,0.23460,0.1592305
0.00149,0.32648,0.00361,0.66421,0.00419,0.0184205
0.00425,0.00379,0.00355,0.27167,0.71674,0.0004097
0.00001,0.57881,0.00363,0.00116,0.41640,0.1446535
0.09442,0.55910,0.00209,0.09126,0.25313,0.1603753
0.69534,0.00217,0.00406,0.00334,0.29510,0.0000005
0.06611,0.53986,0.07965,0.08056,0.23382,0.1632489
0.29578,0.00340,0.00136,0.00190,0.69756,0.0000001
0.11809,0.48625,0.00261,0.07572,0.31732,0.1652391
0.13964,0.44934,0.00494,0.12783,0.27825,0.1540216
0.13323,0.47769,0.00419,0.00016,0.38472,0.1545569
0.13124,0.52789,0.11081,0.00423,0.22583,0.1554843
0.20839,0.55374,0.00039,0.00101,0.23648,0.1521025
0.09060,0.56287,0.00094,0.10128,0.24431,0.1642024
0.28171,0.00198,0.26863,0.44409,0.00360,0.0303332
0.00391,0.39714,0.35669,0.00491,0.23735,0.1222986
0.00232,0.52527,0.12930,0.10373,0.23937,0.1543495
0.09056,0.56023,0.00151,0.11210,0.23561,0.1624334
0.09591,0.48226,0.00220,0.22862,0.19101,0.1405189
0.18241,0.51608,0.11751,0.18167,0.00233,0.1148479
0.31857,0.00002,0.00270,0.36836,0.31035,0.0003302
0.29208,0.00262,0.69959,0.00346,0.00226,0.1489453
0.00208,0.00263,0.75893,0.23458,0.00179,0.0616760
0.07284,0.51681,0.08145,0.00421,0.32469,0.1605101
0.06499,0.47140,0.08753,0.07348,0.30260,0.1485082
0.00099,0.58577,0.00477,0.13205,0.27642,0.1420731
0.24331,0.42426,0.00229,0.00223,0.32792,0.1256452
0.67262,0.00139,0.32039,0.00113,0.00447,0.1087401
0.00100,0.35329,0.14850,0.10247,0.39474,0.1203584
0.00279,0.29572,0.32410,0.37672,0.00067,0.0492226
0.09909,0.57322,0.06435,0.05753,0.20581,0.1588029
0.00475,0.98627,0.00417,0.00099,0.00382,0.0368283
0.30258,0.53034,0.16487,0.00143,0.00079,0.0926690
0.00399,0.00483,0.21736,0.77176,0.00207,0.0076585
0.00328,0.21371,0.14434,0.40506,0.23361,0.0638952
0.10812,0.56626,0.00225,0.00443,0.31894,0.1685920
0.09083,0.50311,0.10815,0.08872,0.20919,0.1607180
0.50346,0.17737,0.16827,0.14754,0.00337,0.0471623
0.11023,0.56806,0.00012,0.00062,0.32097,0.1677442
0.09101,0.52926,0.00385,0.04870,0.32718,0.1555665
0.13258,0.59275,0.00062,0.00278,0.27127,0.1686239
0.13589,0.60175,0.00193,0.00050,0.25993,0.1634125
0.12554,0.60694,0.00156,0.08142,0.18454,0.1585987
0.00325,0.14467,0.51418,0.00323,0.33467,0.0653404
0.10282,0.56235,0.00023,0.00282,0.33178,0.1575219
0.00180,0.50898,0.17993,0.09748,0.21181,0.1536657
0.10188,0.58563,0.08748,0.00476,0.22024,0.1550654
0.00350,0.55056,0.11887,0.00374,0.32333,0.1629457
0.00304,0.19834,0.79632,0.00192,0.00039,0.0510967
0.09677,0.53280,0.00146,0.05647,0.31249,0.1602847
0.00170,0.57007,0.00296,0.00103,0.42424,0.1526728
0.07339,0.53988,0.07795,0.00202,0.30677,0.1623884
0.00127,0.55015,0.12741,0.00444,0.31672,0.1609122
0.15850,0.59336,0.00147,0.00375,0.24293,0.1632455
0.10338,0.50138,0.09300,0.08961,0.21262,0.1539510
0.09648,0.55611,0.00482,0.00477,0.33782,0.1626217
0.24674,0.00230,0.66410,0.08487,0.00199,0.1201849
0.11722,0.28925,0.00044,0.15767,0.43542,0.0920673
0.00415,0.54507,0.11674,0.00192,0.33213,0.1560915
0.16952,0.54663,0.00083,0.06758,0.21544,0.1634986
0.15752,0.60038,0.00338,0.00182,0.23690,0.1628526
0.09846,0.58327,0.09397,0.00179,0.22251,0.1534767
0.17942,0.52765,0.00048,0.07841,0.21404,0.1586260
0.09934,0.55545,0.00480,0.00463,0.33578,0.1608423
0.12184,0.61712,0.00243,0.10751,0.15110,0.1534164
0.00080,0.47425,0.13840,0.00223,0.38432,0.1534898
0.28989,0.53875,0.00005,0.16858,0.00274,0.1147688
0.10336,0.56387,0.00011,0.00286,0.32980,0.1647182
0.09891,0.47893,0.14404,0.00396,0.27416,0.1462650
0.10176,0.56419,0.00294,0.00349,0.32762,0.1661728
0.09234,0.54244,0.00108,0.06580,0.29834,0.1618245
0.21422,0.57212,0.00280,0.00180,0.20905,0.1536131
0.10987,0.47549,0.00274,0.23647,0.17543,0.1459534
0.10168,0.54049,0.00092,0.07021,0.28670,0.1657683
0.18469,0.49209,0.00306,0.10548,0.21468,0.1496738
0.00445,0.55536,0.20997,0.00049,0.22972,0.1513884
0.00181,0.52229,0.47222,0.00198,0.00171,0.0687149
0.52185,0.00342,0.37919,0.00040,0.09515,0.0967588
0.00330,0.19512,0.09603,0.00354,0.70200,0.0407151
0.17706,0.00149,0.52000,0.00021,0.30124,0.0716161
0.00414,0.00223,0.00161,0.79938,0.19263,0.0001483
0.13071,0.61227,0.00309,0.00345,0.25047,0.1625726
0.00169,0.51462,0.14477,0.10979,0.22913,0.1526191
0.38829,0.29083,0.00032,0.14092,0.17965,0.0727804
0.08627,0.54396,0.00408,0.06688,0.29882,0.1667141
0.13342,0.71501,0.00384,0.14494,0.00279,0.1095496
0.07584,0.56622,0.06091,0.00354,0.29349,0.1624479
0.08642,0.54354,0.00210,0.06367,0.30427,0.1583161
0.00283,0.47324,0.00282,0.31824,0.20287,0.1203963
0.00174,0.52668,0.00012,0.08125,0.39022,0.1453675
0.00080,0.56342,0.10537,0.00340,0.32702,0.1602284
0.00182,0.63229,0.00278,0.16186,0.20124,0.1351776
0.09980,0.60711,0.07857,0.00192,0.21261,0.1556562
0.09979,0.54764,0.00233,0.00203,0.34821,0.1680041
0.00116,0.50053,0.17058,0.10869,0.21906,0.1595802
0.42465,0.00194,0.56771,0.00139,0.00430,0.1643422
0.09355,0.49311,0.08717,0.11803,0.20814,0.1594725
0.10130,0.53755,0.00008,0.00422,0.35685,0.1624383
0.80451,0.19027,0.00006,0.00223,0.00293,0.0080869
0.00233,0.00042,0.21672,0.28316,0.49738,0.0056693
0.00260,0.56456,0.10250,0.00319,0.32716,0.1557989
0.12336,0.60701,0.00100,0.00338,0.26525,0.1693609
0.11073,0.45364,0.09911,0.14157,0.19496,0.1421239
0.07721,0.51853,0.05919,0.00035,0.34473,0.1612233
0.00329,0.50185,0.20216,0.09740,0.19530,0.1457129
0.14983,0.48596,0.00356,0.36015,0.00049,0.1003947
0.00352,0.54532,0.21840,0.00361,0.22916,0.1478801
0.10830,0.62144,0.06085,0.00453,0.20488,0.1540852
0.20286,0.57697,0.00427,0.00286,0.21304,0.1557076
0.08135,0.50812,0.07429,0.00305,0.33319,0.1620420
0.09173,0.57786,0.00435,0.00248,0.32358,0.1670405
0.09905,0.57788,0.00115,0.00145,0.32047,0.1608669
