     Ir,     Pd,     Pt,     Rh,     Ru, activity
0.10499,0.26679,0.32373,0.01976,0.28472,0.0915111
0.34193,0.07276,0.15981,0.19037,0.23513,0.0253562
0.00146,0.44108,0.38366,0.00380,0.17000,0.1249509
0.00002,0.91880,0.07845,0.00153,0.00119,0.0390481
0.00280,0.39171,0.59817,0.00342,0.00389,0.0667050
0.00384,0.51952,0.25387,0.00209,0.22068,0.1487653
0.00374,0.50390,0.11021,0.13094,0.25120,0.1522723
0.00350,0.53236,0.09174,0.00247,0.36993,0.1547607
0.00241,0.52599,0.13127,0.03042,0.30991,0.1556119
0.16123,0.54083,0.02591,0.00278,0.26925,0.1597923
0.10266,0.54091,0.07611,0.00383,0.27649,0.1554306
0.47405,0.52288,0.00189,0.00034,0.00083,0.0857817
0.12234,0.50608,0.00331,0.03828,0.32999,0.1541926
0.09325,0.59687,0.00055,0.00003,0.30930,0.1607055
0.00365,0.36572,0.00050,0.62951,0.00062,0.0258482
0.07302,0.58720,0.00001,0.03991,0.29986,0.1616770
0.06536,0.59005,0.00405,0.04378,0.29676,0.1540370
0.08425,0.56782,0.04928,0.00012,0.29852,0.1617004
0.08036,0.57219,0.05418,0.00127,0.29200,0.1617767
0.07858,0.56896,0.05896,0.00029,0.29321,0.1636809
0.07580,0.57056,0.06621,0.00361,0.28382,0.1627551
0.07719,0.56861,0.07017,0.00066,0.28338,0.1630460
0.08106,0.56751,0.07144,0.00204,0.27795,0.1623960
0.07906,0.57001,0.07007,0.00482,0.27604,0.1543626
0.09783,0.57825,0.00350,0.00311,0.31731,0.1631395
0.09865,0.57738,0.00324,0.00035,0.32039,0.1680482
0.00169,0.00209,0.00487,0.00027,0.99108,0.0000000
0.00362,0.00354,0.49892,0.49354,0.00038,0.0512131
0.00406,0.48484,0.28151,0.22613,0.00347,0.1004868
0.00120,0.00470,0.00186,0.53225,0.46000,0.0008022
0.09334,0.57959,0.00144,0.00319,0.32244,0.1590217
0.09856,0.57785,0.00385,0.00075,0.31899,0.1622069
0.99325,0.00076,0.00157,0.00400,0.00042,0.0000002
0.10198,0.58060,0.00347,0.00004,0.31391,0.1643970
0.09273,0.58249,0.00457,0.00288,0.31734,0.1560023
0.11099,0.57670,0.00062,0.00036,0.31134,0.1597825
0.10706,0.57759,0.00408,0.00352,0.30775,0.1669202
0.11191,0.57577,0.00470,0.00368,0.30393,0.1640069
0.11987,0.57739,0.00198,0.00114,0.29963,0.1691144
0.12745,0.57958,0.00435,0.00374,0.28488,0.1659237
0.13745,0.57970,0.00037,0.00032,0.28216,0.1666503
0.14292,0.58466,0.00081,0.00274,0.26887,0.1665643
0.14605,0.58362,0.00411,0.00072,0.26550,0.1654326
0.15143,0.58804,0.00034,0.00111,0.25907,0.1624694
0.14689,0.58284,0.00394,0.00175,0.26458,0.1640240
0.14605,0.58281,0.00347,0.00124,0.26643,0.1607540
0.46504,0.00414,0.00192,0.00072,0.52819,0.0000186
0.13801,0.58042,0.00355,0.00268,0.27535,0.1647887
0.14087,0.58031,0.00444,0.00455,0.26982,0.1624064
0.36612,0.00445,0.62506,0.00297,0.00141,0.1565312
0.48632,0.00252,0.50589,0.00337,0.00190,0.1576989
0.37111,0.00063,0.53521,0.08965,0.00339,0.1268652
0.14109,0.57846,0.00158,0.00245,0.27643,0.1619443
0.14067,0.58092,0.00295,0.00243,0.27302,0.1615701
0.39676,0.10889,0.49001,0.00173,0.00261,0.1050786
0.00177,0.00001,0.99237,0.00368,0.00217,0.0667431
0.13577,0.58145,0.00295,0.00035,0.27948,0.1615694
0.13580,0.58828,0.00165,0.00319,0.27109,0.1639559
0.13897,0.58303,0.00071,0.00341,0.27388,0.1614367
0.00244,0.00270,0.69152,0.00040,0.30294,0.0744523
0.00222,0.62669,0.00438,0.23215,0.13455,0.1141294
0.13222,0.59054,0.00114,0.00450,0.27159,0.1620171
0.00035,0.00161,0.00045,0.99736,0.00024,0.0000000
0.13651,0.56731,0.00486,0.00092,0.29040,0.1572800
0.44397,0.00089,0.00438,0.54814,0.00262,0.0007433
0.12305,0.59590,0.00221,0.00423,0.27460,0.1617822
0.12659,0.58990,0.00063,0.00440,0.27849,0.1637947
0.12073,0.59915,0.00472,0.00485,0.27055,0.1623782
0.12723,0.59278,0.00253,0.00460,0.27285,0.1571200
0.13306,0.56475,0.00424,0.00378,0.29416,0.1595916
0.12961,0.58196,0.00041,0.00132,0.28670,0.1628349
0.12399,0.57948,0.00339,0.00012,0.29302,0.1537800
0.00084,0.52810,0.00266,0.09108,0.37731,0.1485005
0.11906,0.59201,0.00479,0.00291,0.28122,0.1589079
0.00302,0.60008,0.10058,0.00428,0.29203,0.1589258
0.12364,0.58230,0.00264,0.00254,0.28888,0.1598538
0.12700,0.57847,0.00066,0.00279,0.29108,0.1613875
0.12226,0.58257,0.00274,0.00034,0.29208,0.1618347
0.38705,0.00041,0.55028,0.00478,0.05747,0.1384285
0.12195,0.58636,0.00060,0.00454,0.28656,0.1602310
0.11957,0.59086,0.00280,0.00442,0.28235,0.1557919
0.12555,0.57378,0.00433,0.00017,0.29617,0.1615994
0.12839,0.57234,0.00429,0.00102,0.29396,0.1591153
0.12383,0.57945,0.00451,0.00009,0.29212,0.1603619
0.12561,0.57943,0.00458,0.00001,0.29036,0.1665131
0.12918,0.57225,0.00200,0.00278,0.29379,0.1682610
0.13086,0.56104,0.00428,0.00433,0.29948,0.1619957
0.13143,0.56957,0.00204,0.00301,0.29395,0.1636678
0.12949,0.56698,0.00464,0.00064,0.29825,0.1630899
0.13437,0.56343,0.00417,0.00317,0.29486,0.1600536
0.13261,0.57352,0.00090,0.00089,0.29207,0.1641504
0.13337,0.56312,0.00130,0.00471,0.29750,0.1609402
0.13053,0.56754,0.00176,0.00346,0.29671,0.1658303
0.13156,0.56471,0.00437,0.00320,0.29615,0.1597343
0.12531,0.57496,0.00180,0.00220,0.29573,0.1645341
0.12987,0.56216,0.00417,0.00491,0.29888,0.1618980
0.12932,0.57037,0.00145,0.00466,0.29419,0.1624382
0.12434,0.57675,0.00233,0.00057,0.29601,0.1612864
0.12776,0.57624,0.00042,0.00306,0.29252,0.1627566
0.12522,0.57576,0.00289,0.00248,0.29364,0.1647308
0.12950,0.56701,0.00460,0.00306,0.29584,0.1653232
0.13066,0.56957,0.00010,0.00319,0.29648,0.1655662
0.13027,0.56258,0.00391,0.00267,0.30057,0.1607328
0.13285,0.56694,0.00266,0.00250,0.29505,0.1639719
0.13215,0.56681,0.00070,0.00245,0.29789,0.1589134
0.12907,0.57533,0.00269,0.00077,0.29213,0.1648686
0.12891,0.57113,0.00075,0.00371,0.29550,0.1670752
0.13218,0.56765,0.00036,0.00322,0.29659,0.1650101
0.12795,0.57316,0.00178,0.00040,0.29671,0.1654155
0.13365,0.56515,0.00039,0.00238,0.29844,0.1665669
0.13177,0.56477,0.00315,0.00108,0.29923,0.1661304
0.13243,0.56161,0.00300,0.00225,0.30071,0.1665993
0.00162,0.00013,0.35813,0.00379,0.63633,0.0163455
0.13830,0.55462,0.00358,0.00371,0.29979,0.1637320
0.14035,0.55593,0.00109,0.00309,0.29953,0.1610569
0.13291,0.56540,0.00035,0.00028,0.30106,0.1631223
0.13216,0.56035,0.00355,0.00182,0.30212,0.1625717
0.13913,0.56055,0.00038,0.00086,0.29908,0.1642277
0.14199,0.55151,0.00227,0.00486,0.29937,0.1612034
0.13351,0.55823,0.00404,0.00150,0.30273,0.1642298
0.13558,0.55723,0.00093,0.00466,0.30160,0.1655154
0.13978,0.55685,0.00095,0.00300,0.29943,0.1634287
0.13635,0.56120,0.00059,0.00088,0.30098,0.1603770
