     Ag,     Ir,     Pd,     Pt,     Ru, activity
0.25254,0.24158,0.38034,0.11462,0.01092,0.1102587
0.32388,0.11213,0.23156,0.29731,0.03513,0.0858269
0.00456,0.83849,0.15097,0.00281,0.00318,0.0077767
0.31082,0.06163,0.59674,0.02864,0.00218,0.1313343
0.00390,0.03666,0.77830,0.00494,0.17619,0.1403098
0.00306,0.05380,0.85187,0.09092,0.00035,0.0932584
0.09519,0.00464,0.50767,0.00021,0.39230,0.1318868
0.12429,0.01496,0.63702,0.00189,0.22184,0.1413538
0.76282,0.01056,0.22160,0.00321,0.00182,0.0243957
0.00301,0.12186,0.61365,0.00247,0.25901,0.1555268
0.00478,0.03076,0.54788,0.15175,0.26484,0.1446504
0.00308,0.00426,0.00187,0.50125,0.48953,0.0233808
0.00011,0.11153,0.60678,0.00384,0.27773,0.1573257
0.00335,0.14067,0.59974,0.00111,0.25514,0.1545169
0.00472,0.04931,0.63104,0.00285,0.31208,0.1533840
0.00457,0.12322,0.60516,0.00317,0.26388,0.1562337
0.00264,0.11628,0.60724,0.00130,0.27254,0.1622705
0.00284,0.13212,0.58799,0.00282,0.27423,0.1577474
0.00199,0.12910,0.59422,0.00121,0.27348,0.1574838
0.00409,0.14083,0.57188,0.00471,0.27849,0.1523134
0.00206,0.10658,0.62137,0.00218,0.26780,0.1589203
0.00033,0.00020,0.33195,0.66366,0.00386,0.0841605
0.00448,0.12668,0.62367,0.00097,0.24420,0.1576760
0.00213,0.11697,0.62347,0.00274,0.25470,0.1607005
0.00450,0.14235,0.62746,0.00367,0.22201,0.1549183
0.00418,0.24984,0.48104,0.26065,0.00430,0.1026375
0.00263,0.39416,0.00174,0.00352,0.59796,0.0000001
0.00134,0.09276,0.62674,0.00080,0.27836,0.1593407
0.00406,0.08913,0.62581,0.00005,0.28095,0.1598803
0.00048,0.00253,0.00322,0.99089,0.00287,0.0396863
0.00490,0.08459,0.62660,0.00116,0.28275,0.1576668
0.00237,0.42077,0.00041,0.57220,0.00425,0.1453145
0.00005,0.45392,0.00406,0.42738,0.11458,0.0829455
0.50454,0.48340,0.00484,0.00223,0.00499,0.0110838
0.00023,0.30985,0.00140,0.68459,0.00393,0.1259112
0.00333,0.08590,0.63373,0.00321,0.27384,0.1589650
0.20710,0.00141,0.53907,0.24907,0.00335,0.1305555
0.00073,0.00338,0.00341,0.00119,0.99128,0.0000000
0.47153,0.00341,0.00410,0.00173,0.51923,0.0253045
0.00335,0.08525,0.63458,0.00258,0.27423,0.1627151
0.37444,0.00480,0.45296,0.00182,0.16598,0.0972601
0.12310,0.23197,0.63989,0.00242,0.00262,0.1394204
0.32171,0.00475,0.00336,0.66779,0.00239,0.0346445
0.00032,0.42141,0.57794,0.00006,0.00027,0.1094039
0.00192,0.34917,0.13035,0.51441,0.00415,0.1009155
0.00141,0.08424,0.64214,0.00427,0.26794,0.1680178
0.00308,0.06942,0.64616,0.00183,0.27951,0.1620016
0.00496,0.06012,0.64520,0.00343,0.28629,0.1572997
0.00378,0.07916,0.64707,0.00002,0.26997,0.1668041
0.15135,0.38455,0.00498,0.45834,0.00079,0.0787969
0.67642,0.00341,0.00309,0.31368,0.00340,0.0152886
0.00295,0.07632,0.64906,0.00022,0.27144,0.1576416
0.00393,0.08415,0.65124,0.00083,0.25986,0.1597141
0.00015,0.07611,0.64955,0.00416,0.27003,0.1557444
0.00484,0.09237,0.64840,0.00192,0.25247,0.1591849
0.00067,0.08025,0.64602,0.00275,0.27031,0.1574998
0.00398,0.09270,0.64880,0.00270,0.25182,0.1562253
0.00300,0.06750,0.63872,0.00448,0.28629,0.1610434
0.00094,0.06750,0.63924,0.00268,0.28964,0.1571704
0.00490,0.09625,0.64611,0.00349,0.24925,0.1594700
0.00478,0.08998,0.64460,0.00130,0.25934,0.1615079
0.00271,0.08522,0.64460,0.00057,0.26690,0.1586184
0.00456,0.09811,0.64610,0.00392,0.24731,0.1569900
0.00288,0.07672,0.64214,0.00084,0.27742,0.1572116
0.00158,0.08109,0.63950,0.00250,0.27532,0.1570003
0.00100,0.08706,0.64100,0.00072,0.27021,0.1593538
0.00020,0.08058,0.64155,0.00274,0.27492,0.1575812
0.00289,0.09737,0.64816,0.00158,0.25000,0.1611613
0.00192,0.10039,0.64784,0.00306,0.24680,0.1631870
0.00144,0.10281,0.64732,0.00295,0.24549,0.1548160
0.00191,0.09720,0.64563,0.00491,0.25035,0.1612411
0.00337,0.10136,0.64858,0.00487,0.24181,0.1651669
0.12062,0.00124,0.39879,0.27471,0.20464,0.1291597
0.00016,0.10705,0.64879,0.00224,0.24177,0.1583518
0.00410,0.10780,0.65151,0.00049,0.23611,0.1573142
0.00437,0.10629,0.65017,0.00480,0.23438,0.1573112
0.00433,0.10200,0.64556,0.00206,0.24604,0.1534723
0.00017,0.08809,0.64158,0.00061,0.26956,0.1554198
0.00056,0.08077,0.63852,0.00424,0.27591,0.1623773
0.00275,0.07255,0.63765,0.00347,0.28359,0.1617076
0.00335,0.06845,0.63771,0.00270,0.28780,0.1566297
0.00250,0.08412,0.64162,0.00059,0.27117,0.1602853
0.00318,0.07539,0.63788,0.00278,0.28077,0.1547979
0.00268,0.09806,0.64305,0.00091,0.25530,0.1555781
0.00118,0.09365,0.64204,0.00371,0.25943,0.1599841
0.00091,0.09039,0.64307,0.00111,0.26452,0.1581673
0.00441,0.07445,0.63840,0.00411,0.27862,0.1652748
0.00301,0.08085,0.63193,0.02759,0.25662,0.1553025
0.00451,0.06631,0.63665,0.00179,0.29075,0.1624547
0.00155,0.07097,0.63842,0.00144,0.28762,0.1600255
0.00099,0.07427,0.63816,0.00040,0.28618,0.1596194
0.00331,0.06003,0.63617,0.00289,0.29761,0.1579160
0.00207,0.06778,0.63972,0.00223,0.28821,0.1570030
0.00239,0.07698,0.63919,0.00113,0.28031,0.1533598
0.00214,0.08454,0.64025,0.00171,0.27136,0.1529010
0.00273,0.09916,0.64493,0.00466,0.24852,0.1583588
0.00312,0.09897,0.64576,0.00488,0.24726,0.1601227
0.00322,0.10043,0.64500,0.00484,0.24651,0.1590064
0.00478,0.10617,0.64639,0.00382,0.23883,0.1559287
0.00423,0.06940,0.63662,0.00353,0.28621,0.1584328
0.00311,0.08691,0.63911,0.00078,0.27009,0.1624813
0.00374,0.08317,0.63669,0.00092,0.27549,0.1573728
0.00384,0.00154,0.58646,0.27162,0.13654,0.1352341
0.00335,0.07529,0.63710,0.02853,0.25574,0.1604017
0.00344,0.09359,0.64429,0.00285,0.25583,0.1530215
0.03256,0.10152,0.62636,0.00478,0.23478,0.1541173
0.00458,0.05671,0.63524,0.03377,0.26969,0.1574461
0.00371,0.07502,0.64117,0.00009,0.28001,0.1593435
0.00351,0.05689,0.64148,0.00491,0.29321,0.1553818
0.00229,0.08537,0.63748,0.00076,0.27411,0.1616894
0.00466,0.07578,0.63138,0.03511,0.25308,0.1529185
0.00285,0.08339,0.63909,0.00011,0.27456,0.1606382
0.00004,0.08182,0.63915,0.00129,0.27769,0.1559795
0.00376,0.06925,0.63629,0.00280,0.28790,0.1615074
0.00172,0.08102,0.63581,0.00061,0.28084,0.1563880
0.00192,0.07788,0.63604,0.00177,0.28238,0.1567964
0.00029,0.08011,0.64108,0.00230,0.27621,0.1554197
0.00356,0.09064,0.63954,0.00056,0.26571,0.1626404
0.00114,0.09150,0.64333,0.00445,0.25959,0.1616528
0.00316,0.07317,0.63668,0.00293,0.28406,0.1592218
0.00143,0.07002,0.63977,0.00437,0.28440,0.1588897
0.00231,0.09994,0.64740,0.00482,0.24553,0.1554233
0.00411,0.09663,0.64166,0.00213,0.25546,0.1557299
0.00146,0.07285,0.63646,0.00282,0.28642,0.1532140
0.00494,0.10689,0.64293,0.00349,0.24174,0.1542493
0.00248,0.07982,0.63306,0.00192,0.28271,0.1565608
0.00237,0.08488,0.63852,0.00090,0.27332,0.1588173
0.00174,0.08470,0.63593,0.00052,0.27710,0.1618870
0.00107,0.07917,0.63786,0.00280,0.27910,0.1600755
0.00260,0.06478,0.63419,0.00396,0.29447,0.1575433
0.00381,0.06740,0.63320,0.03159,0.26399,0.1615927
0.00251,0.08326,0.63976,0.00110,0.27337,0.1547365
0.00201,0.08303,0.63988,0.00040,0.27468,0.1604884
0.00290,0.08093,0.63570,0.00176,0.27871,0.1624979
0.00111,0.08072,0.63831,0.00149,0.27837,0.1589213
0.00339,0.05849,0.63875,0.00444,0.29493,0.1648537
0.00258,0.06470,0.63966,0.00190,0.29116,0.1617586
0.03205,0.09797,0.62502,0.00330,0.24166,0.1565128
0.00414,0.04922,0.64393,0.00329,0.29942,0.1584265
0.00072,0.07003,0.63984,0.00074,0.28867,0.1640216
0.00058,0.06729,0.63674,0.00163,0.29376,0.1596832
0.00260,0.06423,0.63682,0.00052,0.29583,0.1570584
0.00066,0.05999,0.63754,0.00475,0.29706,0.1631883
0.00093,0.06367,0.63767,0.00125,0.29649,0.1584949
0.00030,0.06725,0.63822,0.00125,0.29298,0.1539751
0.00100,0.06355,0.63918,0.00262,0.29364,0.1637634
0.00166,0.06603,0.63833,0.00122,0.29276,0.1557681
0.00092,0.06433,0.64219,0.00261,0.28994,0.1565176
0.00413,0.00303,0.66005,0.00448,0.32831,0.1533426
0.00086,0.07451,0.63223,0.00363,0.28878,0.1511125
