     Ag,     Ir,     Pd,     Pt,     Ru, activity
0.04136,0.18867,0.04546,0.34639,0.37813,0.0273617
0.21762,0.09039,0.31538,0.31070,0.06591,0.1038219
0.38502,0.02731,0.43606,0.14884,0.00277,0.1044573
0.07561,0.00302,0.62035,0.29769,0.00333,0.1171585
0.00023,0.33561,0.59143,0.06808,0.00465,0.1103195
0.00285,0.15819,0.52752,0.30808,0.00336,0.1045035
0.06083,0.01603,0.75823,0.00438,0.16053,0.1404616
0.00308,0.00118,0.67028,0.00456,0.32090,0.1546451
0.08788,0.00472,0.56147,0.00416,0.34177,0.1391975
0.00145,0.99168,0.00323,0.00061,0.00303,0.0000314
0.98855,0.00186,0.00252,0.00245,0.00462,0.0160433
0.00446,0.00419,0.68883,0.00408,0.29844,0.1480706
0.00318,0.00104,0.69459,0.00497,0.29623,0.1486284
0.00103,0.00360,0.69279,0.00457,0.29801,0.1537549
0.00094,0.00199,0.69151,0.00204,0.30352,0.1570233
0.00166,0.00129,0.68978,0.00220,0.30507,0.1557646
0.00004,0.00347,0.69032,0.00154,0.30462,0.1520652
0.00412,0.04851,0.66032,0.00030,0.28676,0.1499920
0.00196,0.00174,0.00009,0.99154,0.00468,0.0413875
0.51086,0.48153,0.00352,0.00348,0.00061,0.0110719
0.00056,0.00243,0.68662,0.00272,0.30768,0.1552179
0.00073,0.00020,0.68828,0.00425,0.30654,0.1488072
0.00236,0.00176,0.68775,0.00422,0.30391,0.1527682
0.00390,0.00329,0.69145,0.00086,0.30050,0.1546131
0.47436,0.00010,0.00037,0.52123,0.00395,0.0217545
0.00232,0.00127,0.64294,0.08211,0.27135,0.1489635
0.00013,0.00113,0.69423,0.00191,0.30260,0.1526338
0.00375,0.00273,0.69107,0.00154,0.30091,0.1531384
0.00427,0.05973,0.65692,0.00356,0.27553,0.1588417
0.00449,0.08313,0.64322,0.00190,0.26726,0.1590290
0.00052,0.10265,0.63373,0.00337,0.25973,0.1611626
0.00168,0.11724,0.61802,0.00055,0.26251,0.1620986
0.00451,0.13162,0.59543,0.00470,0.26374,0.1571725
0.00214,0.12154,0.61673,0.00495,0.25464,0.1580761
0.00117,0.11974,0.62091,0.00071,0.25747,0.1629134
0.00266,0.12281,0.61880,0.00013,0.25560,0.1626481
0.00057,0.12760,0.60997,0.00358,0.25829,0.1603095
0.00089,0.12358,0.61504,0.00246,0.25803,0.1569675
0.00046,0.12204,0.61993,0.00131,0.25626,0.1549361
0.00479,0.11778,0.62855,0.00364,0.24524,0.1606557
0.00426,0.11482,0.63158,0.00270,0.24664,0.1592578
0.00002,0.11528,0.62964,0.00203,0.25302,0.1599040
0.00272,0.11323,0.63192,0.00481,0.24731,0.1554090
0.00315,0.12338,0.60528,0.00098,0.26720,0.1543149
0.00007,0.11021,0.64180,0.00404,0.24388,0.1568192
0.00093,0.11193,0.63322,0.00449,0.24943,0.1557228
0.00039,0.11314,0.62263,0.00391,0.25994,0.1596281
0.00427,0.11742,0.61102,0.00195,0.26534,0.1592308
0.00079,0.11704,0.61012,0.00443,0.26762,0.1628773
0.00449,0.12670,0.58513,0.00329,0.28040,0.1527166
0.00257,0.10694,0.64312,0.00043,0.24694,0.1605401
0.00347,0.10879,0.64487,0.00026,0.24260,0.1634151
0.00117,0.10832,0.65142,0.00428,0.23481,0.1607344
0.00248,0.11018,0.65060,0.00142,0.23532,0.1604963
0.00001,0.11004,0.65248,0.00054,0.23693,0.1576513
0.00441,0.10774,0.65067,0.00219,0.23498,0.1537100
0.00200,0.11071,0.64134,0.00253,0.24343,0.1637777
0.00142,0.11028,0.64469,0.00006,0.24355,0.1630679
0.00158,0.11115,0.64785,0.00032,0.23910,0.1562118
0.50127,0.00306,0.00054,0.00355,0.49158,0.0274237
0.00388,0.10942,0.64639,0.00191,0.23839,0.1623101
0.00096,0.10694,0.65155,0.00057,0.23998,0.1581324
0.00364,0.10973,0.64854,0.00188,0.23620,0.1576015
0.00111,0.10738,0.64945,0.00202,0.24004,0.1539456
0.00391,0.10839,0.64186,0.00099,0.24485,0.1569224
0.00137,0.11117,0.63920,0.00067,0.24759,0.1571209
0.00186,0.11095,0.63719,0.00333,0.24666,0.1584171
0.00260,0.00123,0.00186,0.00143,0.99288,0.0000000
0.00095,0.10718,0.64044,0.00345,0.24799,0.1590198
0.00327,0.10960,0.63982,0.00476,0.24255,0.1499710
0.00215,0.11090,0.62718,0.00132,0.25846,0.1592437
0.00080,0.10884,0.63071,0.00004,0.25961,0.1614018
0.00018,0.11006,0.63046,0.00005,0.25926,0.1554692
0.00160,0.10993,0.62398,0.00386,0.26062,0.1594581
0.04547,0.11723,0.60829,0.00409,0.22492,0.1572209
0.00175,0.11139,0.62574,0.00397,0.25716,0.1564406
0.00491,0.11177,0.63155,0.00153,0.25025,0.1607510
0.00017,0.11019,0.63326,0.00367,0.25272,0.1566337
0.04045,0.11185,0.61439,0.00434,0.22897,0.1590214
0.03022,0.11302,0.62014,0.00287,0.23375,0.1583330
0.04426,0.11167,0.61262,0.00494,0.22652,0.1543785
0.00439,0.10900,0.63305,0.00020,0.25335,0.1607135
0.00090,0.11176,0.63516,0.00244,0.24974,0.1605802
0.00376,0.10711,0.64142,0.00346,0.24426,0.1613215
0.00059,0.11134,0.63760,0.00414,0.24632,0.1588957
0.00075,0.10889,0.64108,0.00479,0.24449,0.1534319
0.00294,0.11788,0.61552,0.00413,0.25953,0.1550504
0.00112,0.10708,0.64013,0.00133,0.25034,0.1643679
0.00014,0.10625,0.64189,0.00350,0.24823,0.1587277
0.00076,0.10573,0.64412,0.00409,0.24530,0.1617418
0.00415,0.10889,0.64397,0.00180,0.24119,0.1564371
0.00136,0.10806,0.64242,0.00317,0.24499,0.1534840
0.00236,0.10711,0.64093,0.00445,0.24515,0.1614081
0.00048,0.10855,0.64011,0.00160,0.24925,0.1604918
0.00017,0.10706,0.63965,0.00214,0.25099,0.1646182
0.00339,0.10739,0.64704,0.00430,0.23789,0.1605961
0.00386,0.11051,0.64111,0.00106,0.24346,0.1546304
0.00018,0.10998,0.63767,0.00256,0.24961,0.1596688
0.00458,0.10730,0.64294,0.00191,0.24327,0.1633520
0.00010,0.10561,0.64403,0.00481,0.24545,0.1590740
0.00404,0.10635,0.64794,0.00395,0.23772,0.1545714
0.00215,0.11121,0.62187,0.00450,0.26027,0.1518296
0.00086,0.10382,0.64738,0.00491,0.24303,0.1656711
0.00062,0.10550,0.64577,0.00003,0.24809,0.1566318
0.00442,0.10867,0.64878,0.00164,0.23649,0.1564669
0.00240,0.10649,0.65169,0.00500,0.23443,0.1609685
0.00388,0.10492,0.65424,0.00269,0.23427,0.1600884
0.00241,0.10526,0.64957,0.00207,0.24070,0.1569841
0.00208,0.10914,0.64582,0.00037,0.24259,0.1596730
0.00418,0.10421,0.65132,0.00279,0.23750,0.1618182
0.00041,0.10738,0.64824,0.00263,0.24135,0.1550587
0.00158,0.10646,0.64761,0.00141,0.24294,0.1572250
0.00046,0.10726,0.65034,0.00382,0.23812,0.1541533
0.00169,0.10966,0.64278,0.00035,0.24551,0.1603349
0.00310,0.10693,0.64328,0.00036,0.24633,0.1599826
0.00188,0.10506,0.64575,0.00198,0.24533,0.1582495
0.00319,0.10573,0.64515,0.00188,0.24404,0.1616601
0.00288,0.10718,0.64460,0.00105,0.24429,0.1637925
0.00475,0.09277,0.63367,0.03283,0.23598,0.1531950
0.03535,0.11160,0.62402,0.00310,0.22592,0.1526049
0.00470,0.09486,0.62802,0.03445,0.23798,0.1500087
0.00196,0.11358,0.61506,0.00360,0.26580,0.1561303
0.00493,0.11831,0.61251,0.00252,0.26174,0.1566326
0.19210,0.17895,0.62215,0.00314,0.00366,0.1429745
0.05581,0.12026,0.61663,0.00405,0.20326,0.1546539
0.00415,0.10678,0.65742,0.00078,0.23086,0.1613164
0.00393,0.10730,0.66121,0.00287,0.22470,0.1576805
0.04125,0.11164,0.63122,0.00416,0.21173,0.1574954
0.00151,0.10573,0.65423,0.00153,0.23700,0.1616297
0.00166,0.10868,0.65679,0.00115,0.23172,0.1604738
0.00362,0.10719,0.66519,0.00317,0.22082,0.1556118
0.00175,0.00356,0.36202,0.63232,0.00033,0.0837275
0.00433,0.10713,0.65183,0.00028,0.23644,0.1565793
0.00122,0.10468,0.65573,0.00176,0.23660,0.1561825
0.03804,0.11058,0.63184,0.00273,0.21680,0.1612499
0.03986,0.11144,0.63027,0.00293,0.21551,0.1602051
0.04429,0.11585,0.62422,0.00320,0.21244,0.1571335
0.05260,0.11552,0.61841,0.00464,0.20884,0.1531643
0.00137,0.10362,0.65963,0.00319,0.23220,0.1586971
0.00209,0.10709,0.66315,0.00453,0.22313,0.1574804
0.04818,0.11496,0.62219,0.00418,0.21049,0.1561339
0.00204,0.10605,0.65901,0.00323,0.22967,0.1603479
0.00482,0.10957,0.65813,0.00243,0.22504,0.1585524
0.00418,0.10444,0.65152,0.00040,0.23946,0.1575835
0.00212,0.10577,0.65359,0.00209,0.23643,0.1583787
0.00328,0.10394,0.65410,0.00161,0.23708,0.1643221
0.00006,0.10603,0.65251,0.00039,0.24101,0.1622898
0.00118,0.10572,0.65918,0.00292,0.23099,0.1619547
0.09169,0.16984,0.55192,0.00411,0.18243,0.1499759
0.00465,0.42267,0.00372,0.56723,0.00173,0.1448541
