     Ir,     Pd,     Pt,     Rh,     Ru, activity
0.25477,0.17277,0.17971,0.10475,0.28799,0.0507932
0.02188,0.31105,0.34674,0.11879,0.20153,0.1050884
0.00040,0.35885,0.63517,0.00327,0.00232,0.0607384
0.00376,0.52316,0.21868,0.18818,0.06622,0.1304242
0.00157,0.67291,0.08834,0.00403,0.23315,0.1386629
0.00461,0.53930,0.00440,0.22343,0.22827,0.1419124
0.00085,0.07893,0.00190,0.91476,0.00357,0.0003054
0.00082,0.47906,0.00152,0.00430,0.51429,0.1366044
0.00166,0.79594,0.00330,0.19644,0.00267,0.0632369
0.00183,0.51703,0.09853,0.07863,0.30397,0.1568690
0.17817,0.54283,0.00352,0.00247,0.27301,0.1538340
0.32146,0.54875,0.12164,0.00435,0.00379,0.0918386
0.00308,0.33588,0.00461,0.24446,0.41197,0.1021741
0.07107,0.51074,0.12670,0.00032,0.29117,0.1589001
0.23160,0.39960,0.00295,0.36215,0.00370,0.0837546
0.00018,0.00117,0.52922,0.46787,0.00155,0.0570441
0.06390,0.57794,0.00470,0.00143,0.35203,0.1594984
0.99031,0.00368,0.00420,0.00052,0.00129,0.0001323
0.09567,0.52719,0.00042,0.08174,0.29497,0.1661594
0.50053,0.00355,0.00150,0.49064,0.00378,0.0004174
0.00249,0.00206,0.98836,0.00489,0.00219,0.0669963
0.34002,0.00297,0.65263,0.00306,0.00132,0.1605940
0.24510,0.00142,0.62993,0.12234,0.00122,0.1123938
0.48240,0.00312,0.50490,0.00463,0.00495,0.1524365
0.34195,0.15195,0.50113,0.00317,0.00179,0.0845421
0.00456,0.00321,0.66040,0.00101,0.33082,0.0665905
0.00166,0.00069,0.00279,0.00116,0.99370,0.0000000
0.11171,0.54965,0.04388,0.09808,0.19669,0.1563078
0.00018,0.54952,0.28848,0.00216,0.15966,0.1267750
0.33328,0.00240,0.55604,0.00335,0.10493,0.1293434
0.14285,0.45125,0.00210,0.00319,0.40060,0.1440135
0.00117,0.30712,0.19505,0.49653,0.00012,0.0394803
0.00155,0.00011,0.34499,0.00198,0.65138,0.0146633
0.00385,0.00160,0.00050,0.62004,0.37400,0.0003526
0.63801,0.00189,0.00436,0.00450,0.35125,0.0000045
0.63572,0.35740,0.00171,0.00443,0.00074,0.0387221
0.00098,0.00212,0.38061,0.31354,0.30275,0.0213334
0.14547,0.48473,0.00138,0.12403,0.24438,0.1569914
0.00267,0.49101,0.14266,0.00062,0.36303,0.1529132
0.00497,0.56952,0.00031,0.07621,0.34899,0.1440963
0.65696,0.00498,0.33489,0.00115,0.00202,0.1190801
0.14630,0.60192,0.00083,0.06661,0.18435,0.1568632
0.50012,0.00271,0.32633,0.16978,0.00106,0.0878139
0.08352,0.51842,0.08319,0.07560,0.23927,0.1564619
0.12281,0.59459,0.00150,0.00367,0.27743,0.1546115
0.29278,0.00019,0.00051,0.00237,0.70415,0.0000000
0.23426,0.75517,0.00401,0.00401,0.00255,0.1013379
0.23441,0.58584,0.00402,0.17500,0.00073,0.1222877
0.14479,0.49534,0.00009,0.13284,0.22695,0.1574392
0.17076,0.00005,0.22251,0.60426,0.00241,0.0105132
0.30824,0.00412,0.00126,0.33593,0.35046,0.0004846
0.00479,0.00306,0.00092,0.28234,0.70888,0.0003397
0.09182,0.53751,0.08534,0.00111,0.28421,0.1528659
0.00332,0.38511,0.18002,0.00434,0.42721,0.1294472
0.00131,0.50806,0.12050,0.11043,0.25969,0.1571188
0.24970,0.52936,0.00337,0.00317,0.21440,0.1470364
0.08921,0.52481,0.07295,0.09647,0.21656,0.1576931
0.09496,0.52769,0.00447,0.08304,0.28983,0.1626038
0.16775,0.48808,0.00158,0.12736,0.21523,0.1514637
0.31062,0.00408,0.68336,0.00064,0.00131,0.1558983
0.08423,0.54035,0.08156,0.08114,0.21272,0.1587493
0.00493,0.55434,0.00321,0.43318,0.00434,0.0666200
0.00107,0.51414,0.11562,0.09928,0.26988,0.1524941
0.00465,0.73420,0.25536,0.00479,0.00100,0.0576755
0.00030,0.55468,0.09058,0.00450,0.34994,0.1572559
0.00339,0.00442,0.78538,0.20461,0.00221,0.0618460
0.09598,0.57767,0.00424,0.06696,0.25515,0.1650417
0.10013,0.58534,0.00217,0.00342,0.30893,0.1675038
0.09891,0.58962,0.00082,0.00259,0.30806,0.1640192
0.00192,0.62184,0.00159,0.00419,0.37046,0.1479395
0.13132,0.60470,0.00091,0.00230,0.26076,0.1664905
0.76707,0.00071,0.00371,0.22474,0.00378,0.0016242
0.09539,0.54513,0.07199,0.00305,0.28444,0.1610072
0.08779,0.54592,0.00225,0.06832,0.29573,0.1632030
0.00085,0.33418,0.43330,0.23139,0.00027,0.0695726
0.00360,0.27343,0.43773,0.00219,0.28306,0.0953378
0.00219,0.46220,0.12150,0.20629,0.20782,0.1414762
0.10792,0.59485,0.00048,0.07627,0.22048,0.1629666
0.00331,0.30296,0.00268,0.50223,0.18882,0.0644769
0.26373,0.00249,0.36782,0.00440,0.36157,0.0445067
0.10785,0.56042,0.00450,0.00113,0.32611,0.1650412
0.11446,0.60354,0.00441,0.06515,0.21245,0.1590811
0.10899,0.59527,0.00096,0.07928,0.21550,0.1571843
0.10115,0.54681,0.08276,0.00101,0.26826,0.1586537
0.10852,0.54509,0.00397,0.00499,0.33743,0.1580958
0.13526,0.61396,0.00230,0.00236,0.24611,0.1578996
0.10195,0.54217,0.00302,0.16281,0.19006,0.1630511
0.19736,0.57759,0.00315,0.00221,0.21970,0.1589860
0.00089,0.27623,0.00347,0.00488,0.71452,0.0678930
0.20858,0.51080,0.00384,0.08963,0.18715,0.1520883
0.10429,0.54025,0.08803,0.08716,0.18027,0.1601857
0.53162,0.00411,0.33992,0.00371,0.12063,0.0831072
0.10965,0.53793,0.00360,0.00169,0.34713,0.1718321
0.11322,0.52813,0.00467,0.00269,0.35129,0.1607668
0.10343,0.48163,0.08987,0.18177,0.14331,0.1446816
0.09911,0.53210,0.09401,0.00409,0.27069,0.1550611
0.45441,0.32846,0.00212,0.21216,0.00284,0.0608874
0.00181,0.56088,0.09936,0.08585,0.25210,0.1555140
0.10425,0.61554,0.00135,0.00030,0.27856,0.1594202
0.12346,0.51838,0.00109,0.00494,0.35213,0.1593848
0.11097,0.61613,0.00102,0.00110,0.27077,0.1622777
0.11432,0.52751,0.00262,0.00297,0.35257,0.1591372
0.42485,0.00032,0.57096,0.00283,0.00104,0.1637733
0.08777,0.52977,0.00445,0.07992,0.29808,0.1589654
0.20769,0.56008,0.00457,0.00100,0.22666,0.1550131
0.00405,0.56232,0.10106,0.08571,0.24685,0.1586223
0.08800,0.53207,0.00338,0.08030,0.29625,0.1655319
0.20245,0.45751,0.00172,0.00339,0.33493,0.1448733
0.07101,0.57525,0.00499,0.10270,0.24604,0.1581785
0.09530,0.52624,0.00004,0.07772,0.30069,0.1625057
0.09152,0.54064,0.09203,0.00024,0.27557,0.1526733
0.00214,0.11352,0.77564,0.00196,0.10674,0.0656334
0.10629,0.49946,0.15036,0.00227,0.24162,0.1461354
0.00304,0.75792,0.00114,0.00155,0.23635,0.1109732
0.09639,0.54379,0.00234,0.16592,0.19156,0.1572544
0.13588,0.52153,0.17374,0.16620,0.00266,0.1066724
0.12821,0.48706,0.00414,0.15814,0.22245,0.1509716
0.08516,0.56167,0.00198,0.00498,0.34622,0.1631303
0.15489,0.59854,0.00212,0.00193,0.24252,0.1602312
0.00018,0.50925,0.12114,0.07572,0.29371,0.1579418
0.00317,0.56695,0.00477,0.12713,0.29797,0.1465921
0.00061,0.55078,0.12501,0.00295,0.32065,0.1597142
0.13052,0.59134,0.00050,0.08276,0.19488,0.1628087
0.00384,0.56924,0.11469,0.10972,0.20252,0.1525165
0.39161,0.60093,0.00337,0.00197,0.00212,0.1039759
0.20436,0.00118,0.00384,0.78884,0.00178,0.0000158
0.09789,0.52075,0.00101,0.07052,0.30983,0.1620483
0.15067,0.60075,0.00492,0.00209,0.24156,0.1602989
0.00066,0.46835,0.14147,0.09769,0.29184,0.1574714
0.12960,0.58812,0.00495,0.08810,0.18921,0.1524709
0.22553,0.54012,0.00484,0.00265,0.22686,0.1476639
0.00223,0.44639,0.13531,0.18722,0.22885,0.1467466
0.09799,0.51928,0.00025,0.07013,0.31236,0.1632949
0.00297,0.57088,0.00469,0.00154,0.41992,0.1480670
0.10131,0.51028,0.00064,0.07436,0.31341,0.1609842
0.09962,0.51056,0.00260,0.07384,0.31338,0.1609811
0.11411,0.49015,0.00017,0.19482,0.20075,0.1488108
0.09424,0.51661,0.00176,0.06964,0.31775,0.1626098
0.09788,0.56176,0.00338,0.00112,0.33586,0.1664452
0.00322,0.54091,0.14397,0.00485,0.30704,0.1545032
0.00207,0.57175,0.00036,0.18484,0.24098,0.1388666
0.07616,0.52427,0.06145,0.00180,0.33632,0.1536679
0.09537,0.57114,0.00247,0.00266,0.32835,0.1618292
0.09831,0.50853,0.00393,0.07160,0.31762,0.1579507
0.00128,0.00234,0.22840,0.76574,0.00223,0.0081327
0.10152,0.57464,0.00028,0.00351,0.32004,0.1602608
0.10685,0.58446,0.00012,0.00346,0.30511,0.1660812
0.09846,0.56575,0.00077,0.00029,0.33473,0.1675252
0.00068,0.46515,0.12360,0.08461,0.32596,0.1488839
0.08050,0.51795,0.07129,0.00160,0.32866,0.1596527
