     Ag,     Ir,     Pd,     Pt,     Ru, activity
0.07462,0.19514,0.31625,0.34306,0.07093,0.1059296
0.07458,0.29672,0.19897,0.05222,0.37751,0.0386708
0.00228,0.02887,0.33161,0.63266,0.00459,0.0858803
0.07621,0.06743,0.58273,0.27015,0.00347,0.1214021
0.35282,0.00400,0.43331,0.20973,0.00015,0.1154414
0.16648,0.19032,0.58742,0.05194,0.00385,0.1367480
0.00241,0.38956,0.60145,0.00446,0.00212,0.1101815
0.22410,0.05098,0.72288,0.00036,0.00168,0.1611593
0.00077,0.61685,0.00482,0.37734,0.00022,0.1348273
0.48221,0.51156,0.00277,0.00027,0.00320,0.0070427
0.19547,0.00361,0.79835,0.00232,0.00025,0.2028827
0.35390,0.08073,0.00196,0.56300,0.00041,0.0378967
0.00188,0.73875,0.17849,0.08010,0.00078,0.0306371
0.04210,0.00296,0.94880,0.00338,0.00276,0.1261009
0.14058,0.00246,0.78226,0.07218,0.00252,0.1649086
0.16010,0.34136,0.37220,0.12368,0.00266,0.1056575
0.01749,0.19086,0.51343,0.09595,0.18227,0.1427548
0.17007,0.00247,0.41479,0.21169,0.20098,0.1244571
0.00038,0.42841,0.00054,0.56998,0.00069,0.1468665
0.00144,0.42763,0.00204,0.40303,0.16585,0.0626445
0.45870,0.02277,0.19019,0.13645,0.19189,0.0634015
0.14449,0.00132,0.77812,0.00080,0.07526,0.1448637
0.00204,0.00131,0.40715,0.08709,0.50241,0.0872942
0.00226,0.00371,0.29148,0.37512,0.32743,0.0926998
0.00078,0.00400,0.05597,0.21210,0.72716,0.0083579
0.00423,0.19738,0.00291,0.79231,0.00317,0.1001315
0.18142,0.42807,0.00198,0.38449,0.00405,0.0648116
0.00145,0.00214,0.00144,0.70544,0.28952,0.0393849
0.24566,0.00491,0.32421,0.42040,0.00482,0.1021153
0.86209,0.00053,0.13278,0.00443,0.00018,0.0123600
0.41835,0.00167,0.00057,0.00136,0.57804,0.0146143
0.20901,0.19052,0.39413,0.00364,0.20270,0.1128187
0.26128,0.00181,0.00174,0.36240,0.37277,0.0220542
0.00030,0.37411,0.42844,0.00475,0.19240,0.0964589
0.00165,0.28245,0.51024,0.20247,0.00318,0.1073067
0.47554,0.21530,0.30470,0.00321,0.00125,0.0929952
0.66679,0.00199,0.00343,0.32549,0.00230,0.0143251
0.35486,0.17015,0.24878,0.22293,0.00329,0.0868285
0.00315,0.00272,0.49546,0.30493,0.19375,0.1431092
0.59474,0.18970,0.00091,0.00075,0.21390,0.0242893
0.00357,0.70321,0.00397,0.00294,0.28630,0.0000021
0.31308,0.35803,0.00301,0.00495,0.32093,0.0038135
0.00459,0.00348,0.00219,0.00274,0.98700,0.0000000
0.00087,0.00145,0.00253,0.99322,0.00192,0.0403408
0.00297,0.42680,0.13895,0.42816,0.00312,0.0958205
0.00257,0.13161,0.39250,0.20024,0.27309,0.1129516
0.22129,0.00093,0.27177,0.00163,0.50439,0.0612665
0.00390,0.00218,0.60902,0.00126,0.38364,0.1447149
0.00347,0.14518,0.50012,0.00500,0.34623,0.1327125
0.00428,0.22599,0.15057,0.61545,0.00371,0.0984533
0.20180,0.00297,0.00166,0.79314,0.00043,0.0470289
0.54843,0.00465,0.44297,0.00260,0.00136,0.0560059
0.00396,0.30992,0.00046,0.00471,0.68095,0.0000001
0.00358,0.00106,0.36553,0.47928,0.15054,0.1192000
0.25173,0.50133,0.24256,0.00190,0.00248,0.0594347
0.00354,0.00013,0.23948,0.00449,0.75235,0.0125247
0.00284,0.00131,0.59297,0.12806,0.27482,0.1526185
0.00431,0.12725,0.00427,0.41375,0.45041,0.0236043
0.00083,0.99093,0.00443,0.00231,0.00150,0.0004126
0.22839,0.76624,0.00123,0.00385,0.00030,0.0015641
0.14520,0.00257,0.53883,0.00291,0.31049,0.1337148
0.15304,0.00438,0.14617,0.54554,0.15087,0.0751653
0.19235,0.00476,0.79932,0.00306,0.00051,0.1992103
0.00192,0.20273,0.78937,0.00377,0.00222,0.1211990
0.72181,0.00410,0.00415,0.00230,0.26764,0.0497810
0.39720,0.00324,0.35378,0.00139,0.24440,0.0888605
0.12352,0.25920,0.00027,0.61216,0.00485,0.0874256
0.18299,0.00186,0.80909,0.00254,0.00352,0.1999339
0.76559,0.22427,0.00485,0.00420,0.00109,0.0357090
0.34243,0.20798,0.00069,0.27142,0.17747,0.0256598
0.20535,0.00429,0.00358,0.00286,0.78392,0.0013873
0.19024,0.16202,0.00104,0.14055,0.50615,0.0081468
0.00149,0.44395,0.00176,0.13988,0.41291,0.0029902
0.26977,0.28223,0.44229,0.00135,0.00436,0.1219377
0.18876,0.00008,0.80702,0.00379,0.00034,0.2029358
0.00436,0.00283,0.54174,0.45007,0.00100,0.0905710
0.00433,0.15793,0.64429,0.00380,0.18965,0.1553248
0.54385,0.25388,0.00210,0.20008,0.00009,0.0228436
0.00487,0.77764,0.00310,0.21260,0.00179,0.0861727
0.13485,0.57247,0.00096,0.16735,0.12437,0.0237018
0.18187,0.00351,0.81137,0.00304,0.00021,0.2037180
0.64418,0.00065,0.21170,0.00265,0.14082,0.0586890
0.34864,0.30393,0.21409,0.00073,0.13261,0.0675506
0.00054,0.21588,0.00339,0.62756,0.15264,0.0796817
0.00470,0.00149,0.79080,0.20253,0.00048,0.0816338
0.17471,0.00116,0.81963,0.00077,0.00374,0.2019504
0.53401,0.00477,0.24101,0.21974,0.00048,0.0674895
0.46381,0.00081,0.00256,0.37176,0.16106,0.0217870
0.00360,0.15484,0.40443,0.43657,0.00057,0.0962227
0.18107,0.00080,0.81398,0.00213,0.00202,0.2112503
0.17262,0.00184,0.82046,0.00491,0.00017,0.2005958
0.17004,0.00128,0.82402,0.00083,0.00383,0.2059444
0.39250,0.10104,0.15182,0.00240,0.35224,0.0528465
0.00470,0.58090,0.41376,0.00051,0.00013,0.0663178
0.99234,0.00417,0.00052,0.00210,0.00087,0.0130377
0.25684,0.00139,0.23593,0.32272,0.18312,0.0860694
0.17197,0.00131,0.82248,0.00089,0.00336,0.2040897
0.00284,0.15942,0.18578,0.44043,0.21153,0.0762873
0.00012,0.56463,0.20670,0.00132,0.22722,0.0181362
0.22293,0.14072,0.45468,0.17741,0.00426,0.1223281
0.00338,0.51204,0.28526,0.19463,0.00470,0.0768514
0.50379,0.00149,0.00070,0.13852,0.35550,0.0241917
0.13654,0.00305,0.19086,0.20552,0.46402,0.0525175
0.17864,0.00005,0.82061,0.00008,0.00061,0.2055884
0.00349,0.00349,0.15708,0.83169,0.00424,0.0656109
0.00439,0.00222,0.00144,0.45835,0.53360,0.0204486
0.00216,0.18519,0.22881,0.00142,0.58242,0.0202564
0.00017,0.09876,0.62193,0.15008,0.12906,0.1461180
0.08935,0.22011,0.59041,0.00031,0.09981,0.1428928
0.22378,0.00367,0.76610,0.00204,0.00441,0.1913950
0.17076,0.00047,0.82487,0.00269,0.00121,0.2048258
0.79029,0.00277,0.00010,0.12575,0.08108,0.0332048
0.30894,0.52155,0.00478,0.16305,0.00169,0.0257701
0.22216,0.00224,0.76686,0.00442,0.00433,0.1927712
0.17976,0.00005,0.81921,0.00070,0.00028,0.2117503
0.18165,0.14922,0.18400,0.48075,0.00439,0.0837400
0.28717,0.00296,0.62040,0.00049,0.08898,0.1121957
0.16548,0.00258,0.82643,0.00382,0.00169,0.2051439
0.17451,0.00067,0.82255,0.00069,0.00159,0.2038620
0.20573,0.00206,0.00050,0.61612,0.17559,0.0415964
0.16105,0.00006,0.83042,0.00380,0.00467,0.1942453
0.00302,0.14375,0.00131,0.00435,0.84757,0.0000000
0.00392,0.00458,0.51077,0.15385,0.32688,0.1409993
0.00014,0.37543,0.24026,0.21148,0.17268,0.0630109
0.12326,0.38505,0.48237,0.00457,0.00474,0.1161978
0.20086,0.00451,0.73848,0.05300,0.00315,0.1675701
0.17243,0.00104,0.55601,0.26818,0.00234,0.1280149
0.00277,0.00066,0.76016,0.00274,0.23367,0.1420651
0.07728,0.00269,0.62066,0.14898,0.15039,0.1437288
0.10890,0.00397,0.41351,0.38708,0.08654,0.1250651
0.00074,0.67118,0.00201,0.20206,0.12401,0.0383754
0.10683,0.07784,0.42364,0.00151,0.39017,0.1110941
0.00188,0.08855,0.64337,0.00376,0.26244,0.1576416
0.19137,0.16635,0.25901,0.17438,0.20888,0.0896823
0.00479,0.52770,0.00221,0.00250,0.46281,0.0000002
0.16378,0.00429,0.18891,0.64020,0.00282,0.0804013
0.38805,0.11911,0.39299,0.00298,0.09687,0.1080604
0.24395,0.58610,0.00397,0.00089,0.16509,0.0012826
0.08382,0.07204,0.62503,0.00099,0.21811,0.1551839
0.66000,0.15569,0.18284,0.00086,0.00062,0.0638467
0.19796,0.19972,0.00387,0.00196,0.59649,0.0009503
0.13412,0.19145,0.00104,0.43405,0.23935,0.0439321
0.52249,0.33711,0.13554,0.00133,0.00352,0.0500715
0.09210,0.57247,0.09983,0.23339,0.00221,0.0624534
0.39649,0.00398,0.14460,0.45180,0.00314,0.0603366
0.00430,0.09253,0.78609,0.00482,0.11227,0.1370292
0.53225,0.00386,0.11885,0.00030,0.34474,0.0541472
0.16242,0.00361,0.82782,0.00495,0.00119,0.2064295
0.00115,0.09139,0.50207,0.27633,0.12907,0.1294551
0.23300,0.00375,0.50002,0.13927,0.12396,0.1247654
