     Ir,     Pd,     Pt,     Rh,     Ru, activity
0.50730,0.18373,0.02245,0.16407,0.12245,0.0310284
0.15543,0.33476,0.01787,0.14540,0.34653,0.1121299
0.00499,0.34661,0.12830,0.01641,0.50370,0.1163070
0.00249,0.64182,0.00133,0.04081,0.31355,0.1445342
0.00080,0.68508,0.00449,0.30725,0.00237,0.0763861
0.00324,0.59700,0.16682,0.00026,0.23268,0.1518738
0.00124,0.39843,0.53691,0.00162,0.06179,0.0852664
0.10499,0.58994,0.06585,0.00409,0.23513,0.1534068
0.06256,0.58869,0.08998,0.00054,0.25823,0.1586942
0.06907,0.55381,0.09741,0.00241,0.27730,0.1579281
0.06769,0.54859,0.10002,0.00059,0.28310,0.1574510
0.07082,0.54622,0.10036,0.00100,0.28160,0.1592964
0.07175,0.53725,0.10898,0.00027,0.28175,0.1592041
0.06768,0.53108,0.12002,0.00109,0.28012,0.1562449
0.09019,0.54999,0.04729,0.00354,0.30900,0.1582967
0.08392,0.55184,0.06253,0.00047,0.30123,0.1574153
0.07469,0.54854,0.08213,0.00029,0.29435,0.1550089
0.09166,0.54549,0.09712,0.00244,0.26328,0.1604557
0.09964,0.54302,0.10603,0.00319,0.24812,0.1570668
0.09166,0.54499,0.09847,0.00332,0.26157,0.1561650
0.10677,0.55788,0.05069,0.00365,0.28101,0.1635209
0.13580,0.56633,0.00685,0.00260,0.28842,0.1666220
0.16030,0.56029,0.00215,0.00098,0.27628,0.1540711
0.12146,0.55901,0.00381,0.00415,0.31156,0.1612220
0.00450,0.00127,0.00213,0.99032,0.00179,0.0000000
0.11956,0.56385,0.00142,0.00075,0.31443,0.1609402
0.11958,0.55289,0.00175,0.00301,0.32277,0.1680631
0.11733,0.53667,0.00149,0.00051,0.34401,0.1624896
0.36830,0.00235,0.00447,0.00270,0.62218,0.0000387
0.00365,0.00295,0.53148,0.46093,0.00099,0.0547038
0.10315,0.54567,0.00001,0.00476,0.34641,0.1585644
0.10730,0.55443,0.00192,0.00416,0.33220,0.1611207
0.00384,0.00184,0.66616,0.00098,0.32718,0.0708137
0.00220,0.00097,0.99433,0.00198,0.00051,0.0655926
0.11916,0.56161,0.00349,0.00123,0.31451,0.1620173
0.11783,0.56344,0.00051,0.00473,0.31349,0.1620898
0.11826,0.56487,0.00288,0.00329,0.31069,0.1663563
0.38473,0.00011,0.61039,0.00312,0.00165,0.1660978
0.46094,0.00403,0.53134,0.00136,0.00232,0.1599189
0.35262,0.00009,0.58251,0.06312,0.00166,0.1424381
0.37994,0.00276,0.61240,0.00343,0.00147,0.1618434
0.39672,0.00239,0.59657,0.00067,0.00364,0.1658325
0.36773,0.00282,0.54246,0.00387,0.08312,0.1232559
0.36541,0.10201,0.52817,0.00424,0.00017,0.1047775
0.00467,0.49586,0.14545,0.13298,0.22103,0.1508448
0.00226,0.34293,0.17246,0.48115,0.00120,0.0465201
0.00328,0.63958,0.28035,0.07607,0.00071,0.0823804
0.09539,0.54524,0.00063,0.08305,0.27569,0.1687095
0.09198,0.54263,0.00019,0.09108,0.27411,0.1691575
0.00372,0.00249,0.00085,0.55877,0.43416,0.0004988
0.08868,0.54440,0.00249,0.09114,0.27329,0.1639206
0.09433,0.54335,0.00268,0.08321,0.27643,0.1625570
0.09990,0.54884,0.00119,0.07154,0.27852,0.1649649
0.40814,0.58719,0.00248,0.00214,0.00004,0.0991504
0.09740,0.54487,0.00231,0.07592,0.27951,0.1647196
0.09836,0.54626,0.00301,0.07203,0.28034,0.1625304
0.09676,0.54383,0.00180,0.07324,0.28438,0.1691788
0.03670,0.52394,0.00317,0.12032,0.31588,0.1482778
0.13210,0.55001,0.00484,0.07883,0.23421,0.1590814
0.00116,0.42705,0.27174,0.00370,0.29634,0.1418800
0.00085,0.00207,0.00093,0.00087,0.99528,0.0000000
0.11781,0.55692,0.00249,0.05632,0.26646,0.1666340
0.11867,0.55648,0.00257,0.05992,0.26236,0.1667530
0.12032,0.55852,0.00221,0.05621,0.26274,0.1652418
0.86330,0.00362,0.12464,0.00484,0.00360,0.0327135
0.25516,0.50143,0.00205,0.23887,0.00249,0.1127530
0.40999,0.00083,0.00194,0.58667,0.00056,0.0002453
0.00078,0.00197,0.36187,0.00189,0.63349,0.0188044
0.12331,0.55737,0.00173,0.05798,0.25961,0.1723469
0.12236,0.55789,0.00307,0.06383,0.25284,0.1612637
0.12112,0.55431,0.00446,0.06007,0.26005,0.1620594
0.00411,0.00113,0.40068,0.29963,0.29445,0.0217143
0.11928,0.55667,0.00454,0.05824,0.26128,0.1596720
0.12126,0.54987,0.00110,0.05872,0.26905,0.1659191
0.12092,0.54818,0.00472,0.05766,0.26852,0.1660793
0.16164,0.82841,0.00291,0.00212,0.00492,0.0940096
0.00486,0.00130,0.77650,0.21484,0.00250,0.0625058
0.11790,0.55835,0.00459,0.06077,0.25840,0.1635206
0.12139,0.55834,0.00028,0.05586,0.26414,0.1643073
0.11862,0.55793,0.00322,0.05701,0.26323,0.1608613
0.11911,0.55792,0.00212,0.05419,0.26665,0.1584865
0.11828,0.55498,0.00083,0.05516,0.27077,0.1628353
0.11702,0.55527,0.00137,0.05648,0.26986,0.1625285
0.11639,0.55519,0.00201,0.05690,0.26951,0.1652362
0.11673,0.55847,0.00031,0.05878,0.26572,0.1638451
0.11488,0.55422,0.00439,0.05487,0.27164,0.1627276
0.00366,0.52802,0.10882,0.03626,0.32324,0.1552023
0.11733,0.56019,0.00157,0.05678,0.26414,0.1670891
0.11637,0.56146,0.00127,0.05558,0.26531,0.1613206
0.11748,0.56215,0.00147,0.05487,0.26403,0.1670605
0.11454,0.56371,0.00265,0.05813,0.26097,0.1645914
0.11650,0.56184,0.00234,0.05843,0.26089,0.1570333
0.11568,0.54883,0.00462,0.05688,0.27399,0.1658333
0.11762,0.54983,0.00277,0.05604,0.27373,0.1669970
0.11677,0.55265,0.00211,0.05465,0.27381,0.1672079
0.11660,0.54989,0.00430,0.05570,0.27350,0.1621732
0.11639,0.55580,0.00044,0.05483,0.27254,0.1628960
0.11919,0.55114,0.00293,0.05678,0.26995,0.1631679
0.12007,0.55353,0.00143,0.05594,0.26903,0.1701252
0.11620,0.55259,0.00276,0.05530,0.27314,0.1660023
0.11973,0.55187,0.00106,0.05627,0.27108,0.1625551
0.11444,0.55144,0.00392,0.05648,0.27371,0.1625916
0.11786,0.54594,0.00491,0.05444,0.27685,0.1609411
0.11296,0.56356,0.00269,0.05704,0.26375,0.1587902
0.12306,0.54523,0.00051,0.05382,0.27738,0.1636139
0.11158,0.56342,0.00287,0.05723,0.26489,0.1621506
0.12798,0.54004,0.00079,0.05148,0.27972,0.1646425
0.10906,0.56483,0.00479,0.05290,0.26842,0.1575466
0.12972,0.53576,0.00144,0.05016,0.28292,0.1590101
0.10996,0.57397,0.00293,0.05411,0.25902,0.1654948
0.10918,0.57435,0.00442,0.05208,0.25997,0.1575495
0.12931,0.53304,0.00103,0.04940,0.28721,0.1680619
0.12925,0.53134,0.00343,0.04605,0.28992,0.1627827
0.12505,0.53224,0.00341,0.04926,0.29004,0.1636340
0.12885,0.53480,0.00061,0.04695,0.28879,0.1666266
0.12523,0.53106,0.00393,0.04616,0.29361,0.1647339
0.12565,0.53288,0.00252,0.04707,0.29189,0.1596462
0.13790,0.53639,0.00218,0.05090,0.27263,0.1614975
0.13244,0.53953,0.00004,0.05257,0.27542,0.1601933
0.12927,0.54844,0.00287,0.07182,0.24759,0.1655134
0.10513,0.54113,0.00018,0.05241,0.30114,0.1706539
0.10556,0.53952,0.00215,0.05056,0.30220,0.1631984
0.10549,0.53982,0.00326,0.05040,0.30103,0.1627810
0.10726,0.54134,0.00003,0.04975,0.30162,0.1603456
0.10073,0.54263,0.00323,0.04987,0.30354,0.1651868
0.11958,0.54746,0.00343,0.07741,0.25212,0.1647408
0.12106,0.54712,0.00347,0.07630,0.25205,0.1646550
0.11983,0.54869,0.00294,0.07568,0.25287,0.1610798
0.10160,0.54028,0.00289,0.05304,0.30219,0.1625025
0.10772,0.54260,0.00011,0.05201,0.29755,0.1612214
0.10262,0.54097,0.00399,0.05372,0.29870,0.1644990
0.13620,0.53563,0.00260,0.04906,0.27651,0.1581585
0.09472,0.55018,0.00404,0.05434,0.29674,0.1654242
0.10109,0.55307,0.00067,0.05252,0.29264,0.1575569
0.11785,0.55475,0.00050,0.08165,0.24525,0.1594688
0.36396,0.00132,0.62835,0.00207,0.00429,0.1651445
0.11205,0.53717,0.00057,0.12231,0.22789,0.1593038
0.16887,0.51080,0.00317,0.00183,0.31532,0.1559429
0.07846,0.53298,0.04043,0.05768,0.29045,0.1573843
0.12818,0.59813,0.00448,0.00037,0.26884,0.1637944
0.00149,0.52716,0.00349,0.00389,0.46397,0.1532900
0.14922,0.56660,0.00378,0.05432,0.22607,0.1586846
0.10673,0.52345,0.00167,0.14735,0.22080,0.1568257
0.08494,0.56484,0.00468,0.00262,0.34292,0.1626658
0.10103,0.54461,0.04938,0.07460,0.23037,0.1616365
0.00210,0.53564,0.11160,0.00267,0.34799,0.1544994
0.00258,0.30485,0.43803,0.25190,0.00264,0.0656451
0.00489,0.49832,0.00116,0.11058,0.38505,0.1409529
0.00167,0.00459,0.00059,0.26348,0.72967,0.0004472
0.10478,0.54683,0.05024,0.07593,0.22222,0.1567348
