     Ir,     Pd,     Pt,     Rh,     Ru, activity
0.20298,0.21535,0.14027,0.20042,0.24098,0.0665499
0.20082,0.28759,0.23513,0.23523,0.04123,0.0780610
0.00348,0.00447,0.98630,0.00247,0.00328,0.0668259
0.00096,0.99389,0.00362,0.00114,0.00039,0.0323481
0.00146,0.00307,0.40893,0.58538,0.00116,0.0351173
0.27412,0.25576,0.46275,0.00314,0.00423,0.0692946
0.00076,0.41057,0.43857,0.14418,0.00592,0.0903238
0.00250,0.35781,0.46378,0.02405,0.15186,0.1010257
0.00468,0.21306,0.52526,0.00496,0.25203,0.0794877
0.00133,0.49777,0.32837,0.00122,0.17131,0.1311190
0.00230,0.54943,0.19199,0.00046,0.25583,0.1500063
0.00321,0.55494,0.07974,0.00248,0.35963,0.1538442
0.10847,0.57387,0.02175,0.00335,0.29256,0.1620875
0.05298,0.59221,0.00353,0.09135,0.25994,0.1589992
0.11823,0.59925,0.00184,0.00481,0.27587,0.1609862
0.07549,0.61665,0.00141,0.00217,0.30428,0.1622014
0.09803,0.60288,0.00050,0.00390,0.29469,0.1651060
0.12866,0.59093,0.00287,0.00412,0.27343,0.1618722
0.06857,0.61824,0.00203,0.00152,0.30963,0.1622145
0.09287,0.59932,0.00229,0.00068,0.30484,0.1622188
0.09443,0.60785,0.00134,0.00090,0.29548,0.1636325
0.10171,0.58874,0.00048,0.00387,0.30519,0.1608333
0.07997,0.62312,0.00454,0.00167,0.29071,0.1636655
0.09735,0.61140,0.02604,0.00122,0.26399,0.1644600
0.09890,0.61004,0.03199,0.00244,0.25663,0.1586416
0.05830,0.62534,0.00467,0.00015,0.31154,0.1594029
0.11738,0.58876,0.00500,0.00349,0.28538,0.1668162
0.13235,0.58636,0.00257,0.00107,0.27765,0.1670072
0.15849,0.58101,0.00480,0.00108,0.25463,0.1590216
0.11180,0.57546,0.00191,0.00361,0.30722,0.1587767
0.11105,0.60692,0.00228,0.00425,0.27550,0.1657091
0.11953,0.60972,0.00247,0.00338,0.26489,0.1642628
0.12314,0.60793,0.00327,0.00146,0.26420,0.1635900
0.12174,0.60712,0.00367,0.00393,0.26355,0.1577904
0.42993,0.56302,0.00413,0.00054,0.00238,0.0936460
0.09656,0.59463,0.02821,0.00355,0.27705,0.1649235
0.10167,0.60041,0.00145,0.00307,0.29340,0.1627733
0.00414,0.50259,0.00174,0.48695,0.00458,0.0583209
0.09763,0.59046,0.03612,0.00416,0.27163,0.1659662
0.99258,0.00247,0.00290,0.00187,0.00019,0.0002260
0.09382,0.58777,0.04627,0.00354,0.26860,0.1561183
0.09826,0.59790,0.00459,0.00026,0.29899,0.1689263
0.09770,0.59364,0.00129,0.00018,0.30719,0.1643562
0.10055,0.59004,0.00389,0.00018,0.30533,0.1648936
0.00399,0.00009,0.00338,0.00094,0.99159,0.0000000
0.10234,0.58901,0.00129,0.00090,0.30646,0.1638870
0.09679,0.59068,0.00487,0.00207,0.30559,0.1693315
0.10004,0.58478,0.00051,0.00086,0.31381,0.1701743
0.09654,0.57315,0.00242,0.00461,0.32329,0.1634255
0.09857,0.57766,0.00112,0.00034,0.32232,0.1670121
0.09920,0.57195,0.00091,0.00159,0.32636,0.1601311
0.09612,0.58403,0.00103,0.00002,0.31879,0.1685062
0.09708,0.57592,0.00047,0.00448,0.32204,0.1612711
0.09305,0.58359,0.00070,0.00444,0.31822,0.1607984
0.09852,0.58658,0.00024,0.00302,0.31164,0.1668085
0.09737,0.58793,0.00028,0.00131,0.31311,0.1620700
0.09800,0.58597,0.00214,0.00046,0.31343,0.1658212
0.09559,0.58423,0.00108,0.00425,0.31485,0.1679019
0.09823,0.58202,0.00303,0.00207,0.31466,0.1653117
0.09883,0.58168,0.00104,0.00067,0.31778,0.1614062
0.09566,0.58461,0.00266,0.00262,0.31444,0.1588881
0.09815,0.58477,0.00460,0.00327,0.30921,0.1605121
0.09282,0.59490,0.00213,0.00184,0.30831,0.1640598
0.08694,0.59846,0.00258,0.00389,0.30813,0.1648629
0.08733,0.59761,0.00328,0.00252,0.30926,0.1643646
0.08787,0.59897,0.00076,0.00163,0.31077,0.1597484
0.10391,0.58605,0.00102,0.00359,0.30543,0.1632414
0.10170,0.59157,0.00121,0.00053,0.30499,0.1672365
0.10159,0.58604,0.00156,0.00209,0.30872,0.1623127
0.09895,0.59100,0.00162,0.00101,0.30742,0.1611136
0.09953,0.59346,0.00152,0.00127,0.30422,0.1643923
0.09717,0.59022,0.00005,0.00466,0.30789,0.1612981
0.09707,0.59315,0.00091,0.00420,0.30468,0.1592334
0.10459,0.59021,0.00268,0.00028,0.30224,0.1636082
0.11040,0.58287,0.00307,0.00299,0.30067,0.1710676
0.11623,0.57548,0.00146,0.00288,0.30394,0.1699903
0.12183,0.57030,0.00385,0.00093,0.30310,0.1649801
0.12346,0.57072,0.00381,0.00012,0.30189,0.1667111
0.12277,0.56962,0.00339,0.00253,0.30170,0.1659508
0.12469,0.56569,0.00367,0.00352,0.30243,0.1647060
0.12703,0.56740,0.00037,0.00206,0.30314,0.1700846
0.12831,0.56101,0.00411,0.00207,0.30449,0.1666043
0.13119,0.55596,0.00279,0.00473,0.30534,0.1617520
0.12824,0.56475,0.00123,0.00058,0.30521,0.1590657
0.12101,0.56902,0.00438,0.00074,0.30485,0.1674453
0.12533,0.56742,0.00335,0.00461,0.29929,0.1683420
0.12814,0.56145,0.00396,0.00296,0.30350,0.1656262
0.12702,0.56495,0.00116,0.00283,0.30404,0.1605516
0.12724,0.56342,0.00493,0.00426,0.30015,0.1605582
0.12436,0.56811,0.00002,0.00441,0.30311,0.1632568
0.12132,0.57170,0.00172,0.00360,0.30166,0.1645529
0.12272,0.57519,0.00020,0.00045,0.30143,0.1613032
0.11764,0.57437,0.00011,0.00376,0.30412,0.1657722
0.12355,0.56819,0.00316,0.00337,0.30173,0.1702857
0.12428,0.56796,0.00423,0.00335,0.30018,0.1605696
0.12108,0.57292,0.00110,0.00228,0.30261,0.1668307
0.12197,0.56924,0.00002,0.00201,0.30676,0.1632444
0.12128,0.56768,0.00154,0.00487,0.30462,0.1626925
0.12037,0.56876,0.00349,0.00287,0.30452,0.1668798
0.12300,0.57103,0.00055,0.00361,0.30181,0.1675977
0.12488,0.57009,0.00396,0.00051,0.30057,0.1626395
0.12308,0.56840,0.00443,0.00315,0.30094,0.1658638
0.12361,0.56686,0.00048,0.00421,0.30484,0.1625105
0.12181,0.56646,0.00338,0.00415,0.30419,0.1604791
0.12098,0.57541,0.00017,0.00146,0.30198,0.1619426
0.11082,0.57092,0.00043,0.02118,0.29665,0.1632386
0.12201,0.57166,0.00234,0.00279,0.30122,0.1677986
0.11902,0.57218,0.00433,0.00129,0.30317,0.1607054
0.11846,0.57232,0.00310,0.00240,0.30372,0.1635362
0.11732,0.57714,0.00231,0.00093,0.30229,0.1665127
0.12122,0.57396,0.00172,0.00305,0.30004,0.1643227
0.12249,0.57184,0.00197,0.00164,0.30206,0.1638325
0.10674,0.57123,0.00443,0.02323,0.29437,0.1629908
0.11726,0.57420,0.00484,0.00115,0.30256,0.1696380
0.12237,0.57227,0.00321,0.00327,0.29888,0.1650207
0.12155,0.57265,0.00044,0.00088,0.30448,0.1672798
0.12052,0.56750,0.00400,0.00383,0.30415,0.1664118
0.11425,0.56288,0.02597,0.00440,0.29250,0.1580390
0.11730,0.57484,0.00158,0.00345,0.30283,0.1652431
0.10628,0.57048,0.00380,0.02279,0.29664,0.1642179
0.10607,0.56925,0.00386,0.02492,0.29591,0.1672640
0.11884,0.57235,0.00380,0.00228,0.30273,0.1598453
0.11743,0.57032,0.00309,0.00363,0.30553,0.1644528
0.11077,0.57130,0.00068,0.02066,0.29659,0.1580281
