     Ir,     Pd,     Pt,     Rh,     Ru, activity
0.20298,0.21535,0.14027,0.20042,0.24098,0.0665499
0.20082,0.28759,0.23513,0.23523,0.04123,0.0780610
0.00348,0.00447,0.98630,0.00247,0.00328,0.0668259
0.00096,0.99389,0.00362,0.00114,0.00039,0.0323481
0.00049,0.00112,0.33137,0.66670,0.00032,0.0202772
0.27912,0.23576,0.47775,0.00314,0.00423,0.0718046
0.00076,0.41057,0.48357,0.08418,0.02092,0.0891949
0.00203,0.15648,0.54989,0.00078,0.29081,0.0730258
0.00060,0.50310,0.23413,0.00179,0.26039,0.1459220
0.00089,0.56611,0.02313,0.00347,0.40641,0.1437005
0.15350,0.55724,0.05424,0.00217,0.23285,0.1571301
0.44766,0.54164,0.00142,0.00452,0.00476,0.0938550
0.00287,0.58991,0.00066,0.18573,0.22084,0.1368807
0.03250,0.64053,0.08315,0.00047,0.24336,0.1517717
0.14586,0.58323,0.17046,0.00071,0.09974,0.1219977
0.14684,0.55687,0.00456,0.00400,0.28772,0.1627283
0.98821,0.00498,0.00399,0.00074,0.00208,0.0005157
0.00143,0.00141,0.00149,0.00080,0.99488,0.0000000
0.25615,0.43915,0.00004,0.00020,0.30446,0.1320894
0.45909,0.00381,0.00175,0.53089,0.00446,0.0004399
0.00439,0.48305,0.11090,0.09705,0.30462,0.1604864
0.00404,0.00402,0.69192,0.29933,0.00069,0.0647133
0.10497,0.53812,0.00454,0.07667,0.27571,0.1624281
0.00057,0.40263,0.00304,0.22678,0.36698,0.1199295
0.08239,0.49650,0.09811,0.00222,0.32078,0.1532530
0.60022,0.00030,0.39365,0.00271,0.00313,0.1401218
0.40444,0.00406,0.58753,0.00193,0.00204,0.1652381
0.39665,0.00079,0.49151,0.10607,0.00498,0.1234619
0.00242,0.35727,0.00097,0.63472,0.00461,0.0222801
0.00366,0.46701,0.18258,0.17486,0.17188,0.1388532
0.62173,0.00280,0.00272,0.00440,0.36836,0.0000054
0.17453,0.63972,0.00247,0.00338,0.17989,0.1484816
0.00009,0.00061,0.35447,0.00070,0.64413,0.0178990
0.23229,0.54147,0.00095,0.22157,0.00372,0.1104825
0.37934,0.00204,0.52413,0.00052,0.09397,0.1308429
0.00357,0.00435,0.00219,0.62964,0.36026,0.0006311
0.00338,0.34144,0.00133,0.00133,0.65252,0.0953846
0.00047,0.00417,0.39505,0.30746,0.29284,0.0225255
0.29492,0.00433,0.69642,0.00378,0.00054,0.1531804
0.00106,0.00477,0.00125,0.29517,0.69775,0.0002815
0.60405,0.23113,0.00126,0.15929,0.00427,0.0263494
0.13326,0.52790,0.00459,0.09526,0.23899,0.1666439
0.29841,0.00229,0.00113,0.00004,0.69812,0.0000001
0.00087,0.00326,0.77836,0.00216,0.21534,0.0792293
0.00294,0.41072,0.16816,0.00159,0.41658,0.1376566
0.13631,0.52573,0.00172,0.09651,0.23972,0.1656166
0.17165,0.50741,0.00378,0.11300,0.20417,0.1567000
0.07004,0.52478,0.06051,0.07086,0.27381,0.1655382
0.00385,0.26729,0.36245,0.36196,0.00446,0.0512829
0.00423,0.00008,0.00440,0.99083,0.00046,0.0000001
0.00042,0.65902,0.21068,0.12790,0.00198,0.0920821
0.08843,0.52603,0.00481,0.06213,0.31860,0.1616731
0.07495,0.52966,0.07173,0.07734,0.24632,0.1584240
0.43630,0.00007,0.56004,0.00079,0.00280,0.1617236
0.10852,0.57158,0.00024,0.00302,0.31664,0.1678432
0.12847,0.43751,0.00193,0.24998,0.18212,0.1356947
0.09953,0.50387,0.00308,0.05965,0.33388,0.1604589
0.00014,0.56521,0.10297,0.05422,0.27746,0.1586089
0.00323,0.70202,0.00303,0.00207,0.28966,0.1306323
0.32819,0.00372,0.00190,0.33809,0.32809,0.0008259
0.24946,0.25031,0.00354,0.49451,0.00218,0.0385829
0.25222,0.00328,0.32081,0.41985,0.00384,0.0337976
0.12282,0.56990,0.00213,0.07684,0.22831,0.1649037
0.19756,0.53270,0.00417,0.06955,0.19602,0.1591021
0.00442,0.21375,0.77653,0.00417,0.00111,0.0530794
0.62145,0.00178,0.20154,0.17301,0.00222,0.0602314
0.11891,0.55105,0.00102,0.00359,0.32543,0.1646634
0.09670,0.51157,0.00121,0.07553,0.31499,0.1674280
0.10131,0.49657,0.00217,0.07106,0.32888,0.1567010
0.09895,0.52600,0.07662,0.00101,0.29742,0.1553491
0.00023,0.52329,0.10015,0.08088,0.29545,0.1550712
0.14717,0.59022,0.00005,0.00466,0.25789,0.1624069
0.10835,0.53900,0.00338,0.00085,0.34841,0.1609212
0.27501,0.00394,0.33850,0.00310,0.37946,0.0351552
0.56976,0.18070,0.24461,0.00238,0.00256,0.0581471
0.24508,0.74927,0.00184,0.00224,0.00157,0.1073849
0.11650,0.57937,0.00159,0.07776,0.22477,0.1646363
0.30069,0.00486,0.69022,0.00327,0.00097,0.1508513
0.10309,0.53069,0.00486,0.00424,0.35712,0.1643049
0.00228,0.68596,0.00026,0.30684,0.00466,0.0780088
0.16203,0.59240,0.00037,0.00206,0.24314,0.1679415
0.00074,0.43460,0.22792,0.09150,0.24524,0.1426516
0.11119,0.58596,0.00279,0.07973,0.22034,0.1595619
0.17354,0.58229,0.00389,0.00329,0.23698,0.1540978
0.08781,0.53311,0.00186,0.07616,0.30106,0.1672410
0.09124,0.52003,0.07059,0.07045,0.24769,0.1641699
0.00058,0.56806,0.20259,0.00284,0.22594,0.1499208
0.10072,0.50815,0.09373,0.00216,0.29524,0.1488922
0.22294,0.00446,0.68221,0.08716,0.00323,0.1171543
0.10436,0.58311,0.00002,0.08441,0.22811,0.1613489
0.00090,0.60920,0.38533,0.00110,0.00347,0.0673965
0.09704,0.53289,0.00252,0.00298,0.36457,0.1659476
0.10264,0.58437,0.00011,0.08376,0.22912,0.1660283
0.11135,0.47109,0.00147,0.07829,0.33779,0.1617732
0.14452,0.41726,0.00154,0.00252,0.43416,0.1357981
0.20112,0.51390,0.00225,0.07667,0.20606,0.1537362
0.00404,0.53842,0.00435,0.06260,0.39059,0.1451894
0.00260,0.45016,0.31869,0.00400,0.22455,0.1341768
0.12037,0.58876,0.00349,0.00287,0.28452,0.1697437
0.20745,0.00040,0.00111,0.79089,0.00015,0.0000079
0.55928,0.00485,0.30954,0.00183,0.12449,0.0689417
0.07808,0.53840,0.07443,0.09815,0.21094,0.1589416
0.00103,0.49547,0.16001,0.34339,0.00011,0.0950876
0.00461,0.26729,0.15481,0.11038,0.46292,0.0883334
0.00429,0.26447,0.09671,0.43253,0.20200,0.0717302
0.07865,0.53644,0.07359,0.10997,0.20135,0.1582960
0.10201,0.60166,0.00234,0.07779,0.21622,0.1643707
0.75743,0.23810,0.00299,0.00088,0.00060,0.0163603
0.11722,0.58417,0.00199,0.00184,0.29477,0.1630701
0.28194,0.53605,0.17624,0.00367,0.00210,0.0920869
0.10122,0.52896,0.00172,0.08305,0.28504,0.1707613
0.11826,0.44369,0.17163,0.00415,0.26227,0.1348604
0.11905,0.49938,0.00051,0.09471,0.28634,0.1593085
0.00358,0.51029,0.00305,0.28085,0.20224,0.1259625
0.43148,0.35696,0.00154,0.00417,0.20584,0.0734341
0.00288,0.53952,0.10869,0.00179,0.34711,0.1567783
0.00419,0.54902,0.00233,0.00432,0.44014,0.1485496
0.00128,0.54339,0.10339,0.09803,0.25392,0.1545764
0.00230,0.57484,0.00158,0.09845,0.32283,0.1474023
0.19297,0.30018,0.00289,0.00209,0.50186,0.0864573
0.09301,0.54312,0.06789,0.11387,0.18212,0.1575512
0.22419,0.00246,0.65345,0.00479,0.11512,0.1208414
0.12842,0.49887,0.00322,0.10206,0.26743,0.1614528
0.00071,0.54335,0.12063,0.00184,0.33346,0.1573986
0.11862,0.60036,0.00211,0.08116,0.19775,0.1562556
0.77770,0.00379,0.00074,0.21399,0.00378,0.0003403
0.00268,0.00030,0.57999,0.00340,0.41364,0.0567589
0.43350,0.00225,0.56366,0.00013,0.00047,0.1622441
0.12014,0.57998,0.00125,0.00154,0.29708,0.1642348
0.00435,0.48655,0.14942,0.13225,0.22743,0.1540851
0.00336,0.00371,0.10079,0.75370,0.13845,0.0011616
0.11467,0.51257,0.00094,0.08454,0.28729,0.1637721
0.11785,0.57675,0.00021,0.00371,0.30148,0.1636944
0.17374,0.57769,0.00447,0.00187,0.24223,0.1610940
0.18493,0.54557,0.00466,0.07639,0.18845,0.1512303
0.10824,0.57591,0.00090,0.00006,0.31489,0.1646058
0.00138,0.54323,0.11596,0.00327,0.33616,0.1548982
0.10114,0.57520,0.00425,0.00487,0.31453,0.1673791
0.08452,0.57020,0.06363,0.00492,0.27673,0.1543980
0.00337,0.46959,0.17786,0.13677,0.21241,0.1519809
0.08945,0.58691,0.00226,0.06915,0.25223,0.1642594
0.07817,0.51753,0.06094,0.07107,0.27228,0.1577372
0.10049,0.56736,0.00380,0.00030,0.32805,0.1590939
0.17932,0.58008,0.00128,0.00262,0.23670,0.1611213
0.11046,0.50981,0.00027,0.08671,0.29276,0.1625757
0.13468,0.47626,0.00226,0.12183,0.26497,0.1543208
0.06924,0.60720,0.07282,0.00051,0.25023,0.1553693
0.10210,0.60837,0.00360,0.08231,0.20362,0.1583474
0.10164,0.60695,0.00172,0.08215,0.20754,0.1556090
0.00153,0.50248,0.12031,0.00120,0.37448,0.1553713
