     Ag,     Ir,     Pd,     Pt,     Ru, activity
0.04768,0.15314,0.27744,0.30956,0.21217,0.0954204
0.08523,0.28393,0.36177,0.22637,0.04270,0.1084591
0.98828,0.00456,0.00193,0.00096,0.00428,0.0172502
0.00288,0.86188,0.13205,0.00250,0.00069,0.0067110
0.16711,0.05590,0.57339,0.19900,0.00460,0.1297087
0.00278,0.13892,0.85434,0.00264,0.00132,0.1145901
0.00208,0.00194,0.61093,0.38243,0.00263,0.0876089
0.26147,0.08125,0.55571,0.00397,0.09760,0.1299995
0.38427,0.02382,0.39912,0.19022,0.00258,0.1064713
0.18060,0.19745,0.61692,0.00056,0.00447,0.1418482
0.00074,0.21715,0.56905,0.00319,0.20987,0.1444552
0.00008,0.00142,0.40569,0.00284,0.58997,0.0656728
0.00386,0.32661,0.62056,0.00146,0.04751,0.1262856
0.13795,0.23980,0.43690,0.00276,0.18259,0.1278395
0.02872,0.10547,0.66207,0.00214,0.20159,0.1560916
0.32717,0.00205,0.00357,0.66719,0.00003,0.0363657
0.53481,0.46105,0.00181,0.00190,0.00042,0.0099583
0.00020,0.00246,0.67965,0.07199,0.24569,0.1527429
0.44892,0.00240,0.00166,0.13866,0.40836,0.0210910
0.00218,0.10183,0.60258,0.10885,0.18456,0.1529300
0.00487,0.00044,0.73982,0.00374,0.25112,0.1438546
0.08888,0.00122,0.57252,0.10820,0.22918,0.1502108
0.00058,0.47658,0.00150,0.00467,0.51666,0.0000001
0.13538,0.00326,0.71974,0.00212,0.13950,0.1296243
0.00106,0.40754,0.00381,0.58470,0.00289,0.1414456
0.00357,0.55777,0.00318,0.43375,0.00173,0.1390838
0.16445,0.39257,0.00496,0.43357,0.00445,0.0706786
0.00039,0.00215,0.00464,0.98803,0.00479,0.0411565
0.00092,0.00489,0.00407,0.62159,0.36853,0.0354332
0.00425,0.05658,0.61920,0.00242,0.31754,0.1524718
0.00299,0.10596,0.62775,0.08020,0.18310,0.1549528
0.11871,0.00288,0.56278,0.00191,0.31371,0.1380169
0.00009,0.42906,0.00270,0.42331,0.14484,0.0765191
0.00171,0.12959,0.23150,0.63359,0.00361,0.0852259
0.00149,0.00355,0.54220,0.16047,0.29229,0.1429411
0.00474,0.00352,0.00143,0.00258,0.98772,0.0000000
0.66617,0.00291,0.32727,0.00222,0.00143,0.0316128
0.06477,0.12959,0.63111,0.00292,0.17161,0.1532623
0.17182,0.00064,0.41829,0.24084,0.16840,0.1261895
0.67210,0.00271,0.00420,0.31675,0.00423,0.0155364
0.07304,0.11210,0.57802,0.06991,0.16694,0.1529124
0.28494,0.28300,0.42485,0.00463,0.00258,0.1174585
0.00024,0.00288,0.00409,0.31225,0.68054,0.0100367
0.00295,0.20501,0.63904,0.15088,0.00212,0.1147487
0.29292,0.00288,0.00218,0.00018,0.70184,0.0051508
0.37743,0.28159,0.00354,0.00456,0.33288,0.0063494
0.00466,0.11530,0.64939,0.00160,0.22905,0.1628468
0.37610,0.00099,0.30743,0.00314,0.31235,0.0828596
0.00476,0.11904,0.58478,0.00474,0.28668,0.1527885
0.00332,0.43021,0.13371,0.42953,0.00324,0.0967434
0.00020,0.00420,0.42316,0.37379,0.19865,0.1316268
0.00002,0.57787,0.41877,0.00096,0.00238,0.0675273
0.26489,0.73016,0.00118,0.00215,0.00160,0.0013144
0.20492,0.00099,0.34190,0.45099,0.00119,0.1083177
0.71437,0.00478,0.00248,0.00119,0.27718,0.0546081
0.00117,0.74024,0.00495,0.00407,0.24957,0.0000026
0.00273,0.10540,0.53277,0.09827,0.26083,0.1462614
0.00318,0.00497,0.36815,0.24840,0.37530,0.1043596
0.00225,0.00194,0.67355,0.13557,0.18669,0.1476162
0.00202,0.11716,0.67889,0.00393,0.19800,0.1545516
0.31791,0.16917,0.29119,0.21853,0.00321,0.0947344
0.07662,0.12865,0.62228,0.00334,0.16912,0.1496184
0.00287,0.10478,0.68120,0.00111,0.21004,0.1563972
0.09084,0.10755,0.56197,0.08013,0.15951,0.1456085
0.00169,0.00412,0.66341,0.00401,0.32678,0.1510527
0.00250,0.10593,0.60451,0.00171,0.28536,0.1594513
0.00231,0.13915,0.55675,0.00238,0.29941,0.1479275
0.00428,0.36620,0.35363,0.00157,0.27432,0.0717658
0.00409,0.25628,0.00225,0.73459,0.00279,0.1162166
0.00306,0.17898,0.43845,0.37935,0.00016,0.0972521
0.29882,0.00269,0.69391,0.00148,0.00311,0.1593613
0.17445,0.00080,0.16702,0.47225,0.18547,0.0737940
0.36547,0.00121,0.62930,0.00353,0.00049,0.1289692
0.22911,0.49284,0.27707,0.00065,0.00033,0.0697219
0.15612,0.11995,0.29138,0.00021,0.43234,0.0697626
0.77853,0.21305,0.00451,0.00104,0.00288,0.0383823
0.47639,0.19355,0.21804,0.00052,0.11150,0.0724809
0.00116,0.00439,0.19992,0.66576,0.12878,0.0818053
0.00092,0.72325,0.00421,0.27076,0.00088,0.1060993
0.20710,0.00347,0.78312,0.00427,0.00205,0.1929838
0.00046,0.24166,0.00124,0.27041,0.48623,0.0083018
0.00119,0.22901,0.00480,0.00277,0.76223,0.0000026
0.46390,0.00072,0.16565,0.23108,0.13865,0.0567053
0.17249,0.51487,0.00243,0.15841,0.15180,0.0215857
0.50429,0.24606,0.00223,0.24296,0.00446,0.0255535
0.19508,0.00175,0.00115,0.34864,0.45339,0.0196704
0.41551,0.00185,0.00065,0.43805,0.14393,0.0231796
0.00317,0.19320,0.00438,0.64233,0.15693,0.0794228
0.25806,0.21117,0.00489,0.28914,0.23674,0.0300358
0.00067,0.59253,0.20938,0.19462,0.00280,0.0613762
0.40159,0.00432,0.17419,0.41561,0.00429,0.0683386
0.00138,0.39265,0.46295,0.14091,0.00212,0.0976750
0.15121,0.00244,0.83758,0.00438,0.00439,0.2014786
0.00478,0.00219,0.18738,0.00130,0.80434,0.0044880
0.16297,0.19371,0.00252,0.63882,0.00197,0.0699901
0.18760,0.00476,0.21705,0.13137,0.45923,0.0620411
0.22858,0.37478,0.18993,0.00376,0.20295,0.0531323
0.12674,0.00184,0.87029,0.00059,0.00055,0.1961984
0.19137,0.24820,0.00166,0.00167,0.55710,0.0008569
0.00244,0.00099,0.18622,0.45380,0.35655,0.0706510
0.00262,0.45291,0.13431,0.16567,0.24449,0.0249221
0.11040,0.00103,0.82490,0.06052,0.00315,0.1611659
0.54756,0.24177,0.21016,0.00016,0.00034,0.0671959
0.77240,0.00293,0.00317,0.10972,0.11177,0.0414401
0.00127,0.23857,0.21170,0.00130,0.54716,0.0146288
0.29984,0.40935,0.13385,0.15249,0.00446,0.0541088
0.00218,0.00213,0.19550,0.79805,0.00213,0.0704865
0.84260,0.00495,0.14555,0.00232,0.00458,0.0180156
0.23705,0.10984,0.32909,0.11430,0.20972,0.1043884
0.14672,0.00093,0.00159,0.84850,0.00225,0.0498817
0.00296,0.00026,0.40449,0.58743,0.00487,0.0911878
0.50140,0.00263,0.00088,0.00251,0.49257,0.0261026
0.00013,0.00376,0.98863,0.00283,0.00465,0.0661416
0.00381,0.62301,0.22231,0.00299,0.14788,0.0215284
0.17816,0.00294,0.80974,0.00446,0.00470,0.1945643
0.40973,0.12809,0.45299,0.00444,0.00475,0.1158048
0.00366,0.22855,0.44586,0.17990,0.14204,0.1208234
0.42992,0.00337,0.42826,0.00264,0.13581,0.0868222
0.61540,0.00465,0.19994,0.17827,0.00173,0.0538157
0.11581,0.38417,0.49544,0.00310,0.00148,0.1153463
0.17481,0.17387,0.19974,0.44782,0.00376,0.0895082
0.00113,0.16937,0.00211,0.47772,0.34967,0.0340105
0.62602,0.18819,0.00299,0.00298,0.17982,0.0282733
0.15041,0.00436,0.41627,0.00142,0.42754,0.1065810
0.00318,0.00377,0.19477,0.18337,0.61491,0.0299386
0.00147,0.98856,0.00422,0.00123,0.00453,0.0000850
0.00414,0.00252,0.57178,0.26791,0.15366,0.1428429
0.15588,0.00290,0.51759,0.32248,0.00115,0.1226787
0.00329,0.00092,0.00356,0.14295,0.84929,0.0010778
0.00379,0.21408,0.18955,0.46853,0.12405,0.0863820
0.08088,0.00330,0.38589,0.42075,0.10917,0.1167840
0.18126,0.19410,0.49114,0.12995,0.00356,0.1228378
0.37566,0.16126,0.00481,0.45563,0.00264,0.0366841
0.00156,0.00281,0.00116,0.83612,0.15836,0.0498701
0.12661,0.63759,0.00131,0.23027,0.00422,0.0508785
0.17918,0.00053,0.81776,0.00178,0.00075,0.2082775
0.16389,0.53012,0.00059,0.00001,0.30539,0.0001796
0.22214,0.00268,0.18716,0.00133,0.58669,0.0365300
0.16271,0.00497,0.00154,0.64074,0.19005,0.0435336
0.61917,0.00455,0.16890,0.00294,0.20444,0.0630816
0.00087,0.17348,0.29657,0.16091,0.36817,0.0766209
0.16577,0.00150,0.00287,0.16387,0.66599,0.0054412
0.16315,0.04343,0.78993,0.00072,0.00277,0.1669269
0.19222,0.00105,0.75026,0.05439,0.00208,0.1725867
0.00252,0.38862,0.48432,0.00319,0.12135,0.1112689
0.36866,0.49854,0.00085,0.00141,0.13054,0.0042133
0.13627,0.40999,0.29658,0.15526,0.00189,0.0834472
0.15813,0.11049,0.40271,0.32475,0.00392,0.1156552
0.00462,0.00011,0.82740,0.16743,0.00044,0.0794581
0.56015,0.08242,0.00419,0.17280,0.18045,0.0246791
