     Ir,     Pd,     Pt,     Rh,     Ru, activity
0.29422,0.22135,0.19638,0.21455,0.07350,0.0586773
0.38626,0.05474,0.24324,0.03699,0.27877,0.0326240
0.00104,0.47017,0.01383,0.51271,0.00225,0.0505779
0.05717,0.00429,0.38459,0.54965,0.00430,0.0263141
0.30683,0.58129,0.00721,0.10109,0.00358,0.1153398
0.08816,0.90352,0.00480,0.00187,0.00164,0.0687624
0.25298,0.53677,0.00165,0.00343,0.20517,0.1450475
0.03536,0.51626,0.00424,0.00307,0.44107,0.1561410
0.00427,0.28200,0.00289,0.00463,0.70621,0.0677886
0.00017,0.54776,0.15501,0.00182,0.29524,0.1550324
0.00156,0.59340,0.00371,0.07592,0.32541,0.1468033
0.09333,0.49654,0.07752,0.00449,0.32812,0.1571382
0.00381,0.33683,0.64976,0.00473,0.00487,0.0597928
0.00345,0.40441,0.21015,0.00124,0.38075,0.1357853
0.98265,0.00460,0.00338,0.00440,0.00497,0.0000835
0.00394,0.00456,0.00179,0.60233,0.38738,0.0006645
0.18627,0.55679,0.25336,0.00026,0.00332,0.0870517
0.00330,0.00127,0.99173,0.00230,0.00140,0.0664069
0.00079,0.62630,0.00015,0.00473,0.36803,0.1396205
0.12991,0.45112,0.00006,0.09013,0.32879,0.1489913
0.00216,0.47053,0.11562,0.12987,0.28182,0.1492636
0.31533,0.00394,0.67555,0.00058,0.00461,0.1512605
0.16833,0.00361,0.67217,0.00077,0.15512,0.1079867
0.20364,0.00301,0.64814,0.14372,0.00149,0.0978127
0.58189,0.41393,0.00126,0.00117,0.00175,0.0577535
0.40146,0.00126,0.00031,0.59290,0.00408,0.0000861
0.00153,0.64348,0.14733,0.20307,0.00460,0.0992624
0.46363,0.00395,0.53064,0.00019,0.00158,0.1686221
0.38225,0.09734,0.51254,0.00305,0.00482,0.1045910
0.00357,0.00138,0.37105,0.21485,0.40916,0.0198548
0.58799,0.00144,0.40969,0.00068,0.00020,0.1398893
0.00457,0.35577,0.34256,0.29340,0.00370,0.0756024
0.00073,0.38838,0.00138,0.17925,0.43027,0.1133069
0.70039,0.00224,0.00382,0.29088,0.00266,0.0013009
0.12138,0.53195,0.00468,0.15836,0.18362,0.1579825
0.00210,0.00276,0.00352,0.99159,0.00003,0.0000001
0.31426,0.00272,0.00029,0.00036,0.68237,0.0001191
0.00222,0.48307,0.31983,0.00013,0.19475,0.1346375
0.26989,0.41173,0.00020,0.31340,0.00479,0.0925756
0.43519,0.00041,0.56170,0.00190,0.00081,0.1661701
0.34423,0.00112,0.00319,0.32365,0.32782,0.0001865
0.00274,0.50154,0.00253,0.28091,0.21228,0.1290958
0.13043,0.60144,0.00112,0.00393,0.26309,0.1643259
0.42956,0.00418,0.44294,0.11967,0.00366,0.1121745
0.09875,0.57386,0.08385,0.00414,0.23940,0.1575510
0.69435,0.00061,0.00101,0.00267,0.30136,0.0000003
0.00126,0.00023,0.00097,0.00382,0.99371,0.0000000
0.00243,0.00273,0.38058,0.00454,0.60972,0.0213688
0.11255,0.58180,0.00228,0.08258,0.22078,0.1612346
0.00065,0.22782,0.00129,0.60980,0.16045,0.0321035
0.13287,0.51964,0.00274,0.00352,0.34123,0.1672015
0.12072,0.50018,0.10081,0.00464,0.27365,0.1525719
0.12417,0.52761,0.00383,0.00152,0.34287,0.1575582
0.00362,0.69344,0.29732,0.00390,0.00173,0.0613835
0.00469,0.14263,0.58613,0.00272,0.26383,0.0689562
0.00370,0.00459,0.00164,0.26803,0.72204,0.0003158
0.10002,0.68562,0.00194,0.21078,0.00164,0.1054295
0.08707,0.49932,0.10546,0.11816,0.18999,0.1542420
0.21533,0.40702,0.00404,0.00354,0.37007,0.1185631
0.00168,0.35383,0.16726,0.27098,0.20626,0.1084580
0.14196,0.62819,0.00106,0.00023,0.22856,0.1644769
0.10211,0.36331,0.29795,0.00081,0.23583,0.1144009
0.11164,0.56395,0.00404,0.07585,0.24452,0.1662545
0.11722,0.55962,0.00039,0.07641,0.24637,0.1651291
0.40593,0.00462,0.52208,0.00096,0.06642,0.1369535
0.00330,0.00088,0.73899,0.25207,0.00477,0.0619445
0.00358,0.55190,0.12293,0.08579,0.23580,0.1604933
0.12356,0.61725,0.00458,0.00223,0.25238,0.1622326
0.10967,0.56366,0.00013,0.07538,0.25116,0.1646117
0.08181,0.58318,0.08313,0.00203,0.24985,0.1568383
0.14979,0.53618,0.00464,0.10161,0.20778,0.1624929
0.09283,0.60682,0.00220,0.07847,0.21968,0.1626576
0.10394,0.54343,0.07689,0.08501,0.19073,0.1572926
0.09580,0.54901,0.00231,0.05627,0.29661,0.1620113
0.16730,0.51463,0.00197,0.11484,0.20126,0.1576871
0.00242,0.52323,0.10265,0.00158,0.37012,0.1517072
0.32522,0.00476,0.26288,0.40644,0.00071,0.0334558
0.00074,0.48651,0.20959,0.10108,0.20208,0.1499769
0.08821,0.54819,0.00380,0.06275,0.29706,0.1661268
0.63923,0.14821,0.20455,0.00412,0.00389,0.0515021
0.20795,0.65706,0.00161,0.00486,0.12853,0.1443295
0.00386,0.76496,0.00039,0.00040,0.23039,0.1081626
0.00175,0.00032,0.20163,0.79468,0.00162,0.0053817
0.11890,0.57402,0.00079,0.00020,0.30609,0.1637548
0.09611,0.55831,0.08453,0.00436,0.25670,0.1620134
0.08935,0.55744,0.00120,0.07365,0.27836,0.1739631
0.13847,0.50645,0.00081,0.13729,0.21698,0.1553334
0.00305,0.60081,0.00258,0.14705,0.24651,0.1463976
0.00136,0.21315,0.48242,0.17473,0.12834,0.0715765
0.08472,0.55242,0.07574,0.07309,0.21404,0.1546351
0.11187,0.56752,0.00418,0.00416,0.31228,0.1664876
0.51483,0.26676,0.00344,0.21400,0.00097,0.0429963
0.00103,0.52768,0.00160,0.00305,0.46664,0.1451836
0.19304,0.00198,0.46340,0.00071,0.34087,0.0659580
0.08134,0.54897,0.07627,0.00231,0.29112,0.1643902
0.00102,0.52114,0.10107,0.07699,0.29977,0.1567897
0.11479,0.57271,0.00338,0.00185,0.30727,0.1609022
0.08309,0.54338,0.00420,0.06817,0.30116,0.1636105
0.00476,0.56595,0.14947,0.00481,0.27501,0.1553677
0.09357,0.54932,0.00041,0.06171,0.29499,0.1593311
0.13000,0.58975,0.00017,0.07476,0.20532,0.1604732
0.13178,0.48344,0.00048,0.16510,0.21920,0.1567315
0.14432,0.00182,0.00445,0.72913,0.12028,0.0003182
0.41370,0.00254,0.57798,0.00248,0.00329,0.1619568
0.00175,0.50854,0.18260,0.10066,0.20645,0.1565419
0.12414,0.54982,0.08231,0.00181,0.24192,0.1559232
0.08202,0.58582,0.10109,0.00399,0.22709,0.1528370
0.12821,0.40567,0.00223,0.23636,0.22753,0.1330470
0.06522,0.50197,0.06640,0.07172,0.29468,0.1585156
0.00410,0.00015,0.26432,0.51882,0.21260,0.0076334
0.14515,0.50222,0.14688,0.20324,0.00250,0.1076596
0.11542,0.57438,0.00014,0.00146,0.30859,0.1644423
0.18542,0.57092,0.00238,0.00078,0.24049,0.1610900
0.21305,0.55569,0.00448,0.00145,0.22533,0.1545140
0.00446,0.50211,0.11990,0.00470,0.36883,0.1505577
0.16905,0.21806,0.00087,0.60804,0.00398,0.0218974
0.10203,0.56571,0.00475,0.00011,0.32740,0.1670709
0.12197,0.58838,0.00314,0.08821,0.19831,0.1621597
0.18306,0.53683,0.00072,0.07895,0.20044,0.1544835
0.08951,0.54231,0.00026,0.06382,0.30411,0.1619344
0.07337,0.50720,0.06766,0.06709,0.28469,0.1587353
0.00001,0.00494,0.78029,0.00224,0.21251,0.0794194
0.00033,0.54978,0.11126,0.10542,0.23321,0.1548276
0.00044,0.55985,0.17394,0.00052,0.26526,0.1549140
0.00350,0.48394,0.25571,0.09271,0.16414,0.1427176
0.10668,0.56983,0.00298,0.00334,0.31717,0.1623613
0.10411,0.56947,0.00455,0.00249,0.31938,0.1648011
0.10350,0.56693,0.00395,0.00019,0.32543,0.1602252
0.00498,0.45937,0.13543,0.00303,0.39720,0.1449113
0.13762,0.53465,0.08895,0.00302,0.23576,0.1637367
0.21259,0.52245,0.06711,0.00086,0.19700,0.1461843
0.00021,0.60111,0.00380,0.18750,0.20738,0.1336304
0.13978,0.61797,0.00379,0.00371,0.23474,0.1596411
0.08885,0.52991,0.07340,0.00255,0.30529,0.1565519
0.28596,0.70937,0.00120,0.00082,0.00265,0.1067266
0.13293,0.58591,0.00260,0.08493,0.19364,0.1621105
0.08151,0.50680,0.07087,0.07585,0.26497,0.1637056
0.09486,0.57012,0.07247,0.07565,0.18691,0.1574988
0.08151,0.50080,0.06812,0.07417,0.27540,0.1542812
0.09065,0.53772,0.00305,0.06698,0.30161,0.1630552
0.00307,0.56860,0.17094,0.00016,0.25723,0.1516044
0.42102,0.00014,0.57266,0.00155,0.00464,0.1656559
0.10579,0.00178,0.16678,0.00143,0.72422,0.0031370
0.20027,0.52167,0.00427,0.07699,0.19680,0.1533426
0.00028,0.47395,0.27957,0.00125,0.24495,0.1382729
0.12505,0.59880,0.00288,0.08231,0.19097,0.1613367
0.12630,0.60187,0.00070,0.07910,0.19203,0.1633142
0.11564,0.57932,0.00080,0.00055,0.30369,0.1680416
0.38919,0.45021,0.15586,0.00089,0.00385,0.0757907
0.00296,0.24607,0.21689,0.53228,0.00180,0.0317837
