     Ag,     Ir,     Pd,     Pt,     Ru, activity
0.03928,0.19493,0.21440,0.28145,0.26994,0.0703818
0.02866,0.04967,0.06567,0.72303,0.13298,0.0683478
0.98891,0.00223,0.00444,0.00133,0.00309,0.0139838
0.00158,0.00345,0.00460,0.22190,0.76846,0.0045358
0.05719,0.22665,0.25598,0.45889,0.00128,0.0949858
0.00347,0.64916,0.05709,0.28892,0.00137,0.0932752
0.00461,0.40473,0.47936,0.10941,0.00189,0.0967539
0.00262,0.36821,0.33577,0.28845,0.00496,0.0968369
0.00366,0.00189,0.77114,0.22051,0.00280,0.0830214
0.00124,0.40441,0.32008,0.27292,0.00135,0.0903049
0.00122,0.71570,0.27603,0.00425,0.00280,0.0306207
0.05482,0.23494,0.66601,0.04289,0.00134,0.1312982
0.23227,0.14440,0.62069,0.00117,0.00147,0.1415409
0.32717,0.35546,0.00367,0.31078,0.00291,0.0389318
0.15093,0.10217,0.62479,0.00004,0.12207,0.1443180
0.17402,0.09932,0.66345,0.00262,0.06060,0.1427301
0.16560,0.14104,0.60694,0.00184,0.08457,0.1460137
0.27073,0.04593,0.55428,0.00108,0.12798,0.1271746
0.13626,0.16182,0.61578,0.00452,0.08162,0.1469731
0.13791,0.16291,0.61663,0.00027,0.08227,0.1467408
0.13218,0.16418,0.61318,0.00329,0.08717,0.1486130
0.09434,0.15870,0.62486,0.00031,0.12179,0.1506914
0.00241,0.15210,0.63842,0.00414,0.20293,0.1545627
0.00285,0.12704,0.63020,0.00105,0.23886,0.1605535
0.00273,0.01453,0.61376,0.00453,0.36444,0.1465383
0.00354,0.14146,0.58807,0.00076,0.26617,0.1566102
0.00380,0.38636,0.00106,0.60597,0.00281,0.1371455
0.00376,0.10844,0.66257,0.00433,0.22090,0.1632353
0.00097,0.49584,0.00416,0.00038,0.49866,0.0000000
0.50033,0.00439,0.00122,0.00074,0.49333,0.0282540
0.00481,0.09284,0.68485,0.00346,0.21404,0.1557255
0.38322,0.22472,0.38572,0.00255,0.00379,0.1058008
0.00375,0.11681,0.65958,0.00075,0.21912,0.1568580
0.00169,0.11968,0.65304,0.00142,0.22417,0.1615322
0.00104,0.11422,0.65628,0.00394,0.22453,0.1615520
0.00464,0.10937,0.66770,0.00312,0.21517,0.1564041
0.36934,0.00355,0.00412,0.61898,0.00401,0.0322394
0.00216,0.12189,0.64522,0.00359,0.22715,0.1646199
0.00128,0.12749,0.63900,0.00447,0.22776,0.1592482
0.00048,0.12577,0.63810,0.00435,0.23130,0.1617364
0.00309,0.12421,0.64597,0.00001,0.22672,0.1587243
0.00375,0.12835,0.63341,0.00327,0.23122,0.1604284
0.00140,0.12683,0.64071,0.00088,0.23019,0.1557322
0.00311,0.12146,0.64243,0.00217,0.23083,0.1595571
0.00345,0.11026,0.65952,0.00256,0.22422,0.1600470
0.32252,0.00312,0.48240,0.18776,0.00420,0.1209604
0.00072,0.10436,0.61965,0.04310,0.23218,0.1577783
0.00253,0.12116,0.63172,0.00427,0.24032,0.1596960
0.00207,0.12030,0.63505,0.00345,0.23913,0.1530635
0.00113,0.11147,0.64495,0.00450,0.23795,0.1567199
0.00218,0.11848,0.63667,0.00470,0.23797,0.1564608
0.00361,0.10535,0.62562,0.03759,0.22783,0.1595224
0.00028,0.11430,0.64339,0.00455,0.23747,0.1623590
0.00056,0.11241,0.64526,0.00358,0.23818,0.1643733
0.00421,0.10171,0.62936,0.03602,0.22871,0.1553730
0.00131,0.11377,0.64785,0.00044,0.23664,0.1554275
0.00447,0.11334,0.64358,0.00116,0.23746,0.1589642
0.00097,0.11986,0.63929,0.00396,0.23592,0.1546107
0.00340,0.09856,0.65553,0.00458,0.23793,0.1562954
0.00059,0.12168,0.63802,0.00414,0.23556,0.1614941
0.00024,0.12498,0.63348,0.00495,0.23635,0.1597009
0.00053,0.12500,0.63321,0.00345,0.23781,0.1578752
0.00348,0.12182,0.63814,0.00055,0.23601,0.1602996
0.00327,0.13002,0.62522,0.00477,0.23671,0.1598214
0.00371,0.13008,0.62812,0.00286,0.23523,0.1562752
0.56215,0.00029,0.43581,0.00068,0.00107,0.0529840
0.00345,0.09804,0.63211,0.02626,0.24014,0.1632814
0.00138,0.09518,0.62992,0.03463,0.23889,0.1554952
0.00261,0.09533,0.64738,0.00497,0.24970,0.1558111
0.00251,0.11025,0.63731,0.00290,0.24703,0.1544379
0.00442,0.10725,0.62099,0.03868,0.22867,0.1524898
0.00298,0.09838,0.65438,0.00282,0.24143,0.1602159
0.00107,0.09793,0.65256,0.00428,0.24416,0.1574606
0.00323,0.10863,0.64394,0.00024,0.24395,0.1609446
0.00078,0.00268,0.60577,0.11947,0.27130,0.1485319
0.00116,0.09989,0.65326,0.00223,0.24345,0.1604159
0.00387,0.09532,0.65803,0.00133,0.24145,0.1572785
0.00088,0.09566,0.65273,0.00468,0.24605,0.1583699
0.00293,0.09600,0.65431,0.00293,0.24382,0.1556312
0.00109,0.10972,0.64408,0.00241,0.24269,0.1563913
0.00015,0.11787,0.64219,0.00035,0.23945,0.1565623
0.00339,0.11020,0.63827,0.00158,0.24657,0.1586347
0.00057,0.11259,0.63854,0.00454,0.24376,0.1576571
0.00325,0.10463,0.64874,0.00039,0.24299,0.1603248
0.00071,0.00166,0.49044,0.31497,0.19223,0.1382896
0.00411,0.00459,0.48950,0.15397,0.34783,0.1295156
0.00288,0.11528,0.61741,0.05247,0.21197,0.1561939
0.00391,0.11692,0.61916,0.04476,0.21526,0.1553416
0.07649,0.09288,0.56530,0.12112,0.14421,0.1450016
0.34185,0.65118,0.00191,0.00130,0.00376,0.0021184
0.00285,0.00107,0.41636,0.57794,0.00178,0.0870633
0.16136,0.00027,0.42400,0.25491,0.15946,0.1236035
0.00116,0.42715,0.00299,0.47474,0.09396,0.0993453
0.69699,0.00402,0.00013,0.29775,0.00111,0.0148037
0.00177,0.10335,0.65697,0.00406,0.23385,0.1578751
0.00052,0.11976,0.64685,0.00478,0.22809,0.1611362
0.00119,0.12011,0.64669,0.00252,0.22948,0.1564794
0.00001,0.11654,0.64642,0.00014,0.23690,0.1577544
0.00239,0.10201,0.65756,0.00407,0.23397,0.1590554
0.00015,0.11702,0.64684,0.00149,0.23450,0.1563411
0.17292,0.15395,0.52605,0.14584,0.00125,0.1276853
0.00476,0.13181,0.64778,0.00024,0.21541,0.1596714
0.00394,0.14156,0.63978,0.00493,0.20978,0.1525912
0.00356,0.00062,0.00448,0.00322,0.98811,0.0000000
0.70142,0.29678,0.00043,0.00050,0.00087,0.0299584
0.00094,0.10909,0.65686,0.00080,0.23231,0.1562959
0.00472,0.12283,0.63608,0.00150,0.23486,0.1574980
0.00197,0.09869,0.66130,0.00363,0.23440,0.1577751
0.00199,0.10892,0.65549,0.00184,0.23176,0.1574578
0.00294,0.12186,0.63866,0.00170,0.23484,0.1589046
0.00075,0.11753,0.64536,0.00055,0.23580,0.1551010
0.00091,0.10577,0.65416,0.00419,0.23497,0.1626577
0.00147,0.11057,0.65559,0.00040,0.23197,0.1580425
0.00060,0.10525,0.65556,0.00263,0.23596,0.1571568
0.00435,0.10322,0.65998,0.00007,0.23238,0.1636812
0.00034,0.10857,0.65627,0.00128,0.23354,0.1625928
0.00328,0.09681,0.66466,0.00319,0.23206,0.1608703
0.00279,0.09476,0.66554,0.00241,0.23450,0.1645220
0.00231,0.09079,0.66749,0.00181,0.23759,0.1607022
0.00358,0.08639,0.67242,0.00104,0.23657,0.1580156
0.00099,0.09458,0.66892,0.00168,0.23384,0.1610419
0.00365,0.08654,0.67319,0.00142,0.23520,0.1578560
0.00161,0.09693,0.66591,0.00047,0.23508,0.1588545
0.00143,0.08930,0.66973,0.00344,0.23611,0.1570924
0.00343,0.09011,0.66986,0.00458,0.23202,0.1595016
0.00195,0.09172,0.66977,0.00484,0.23172,0.1617687
0.00333,0.08864,0.67202,0.00191,0.23410,0.1561977
0.00157,0.09748,0.66567,0.00288,0.23240,0.1619541
0.00233,0.08879,0.66919,0.00474,0.23495,0.1584157
0.00071,0.09349,0.66969,0.00414,0.23197,0.1574366
0.00200,0.08975,0.66764,0.00458,0.23604,0.1581271
0.00116,0.09447,0.66499,0.00453,0.23485,0.1573788
0.00316,0.09985,0.66524,0.00165,0.23011,0.1597080
0.00486,0.08808,0.66727,0.00493,0.23486,0.1623387
0.00230,0.09002,0.67008,0.00317,0.23444,0.1622586
0.00136,0.00337,0.00385,0.57717,0.41425,0.0271690
0.00001,0.09571,0.66759,0.00077,0.23593,0.1612682
0.00291,0.09031,0.67119,0.00311,0.23248,0.1598190
0.00481,0.00484,0.35452,0.00312,0.63270,0.0504219
0.00254,0.09178,0.67217,0.00184,0.23167,0.1543671
0.00465,0.08576,0.66884,0.00278,0.23797,0.1550732
0.00335,0.10076,0.66542,0.00008,0.23039,0.1606243
0.00250,0.10142,0.66566,0.00044,0.22998,0.1632554
0.00009,0.10246,0.66300,0.00032,0.23414,0.1568875
0.00113,0.10000,0.66871,0.00219,0.22796,0.1560339
0.00027,0.10312,0.66410,0.00159,0.23092,0.1576861
0.00140,0.09477,0.66502,0.00362,0.23519,0.1603891
0.00175,0.09320,0.66900,0.00411,0.23194,0.1574455
0.00496,0.07959,0.66831,0.00446,0.24269,0.1591990
0.00198,0.10138,0.66547,0.00069,0.23048,0.1588252
