     Ir,     Pd,     Pt,     Rh,     Ru, activity
0.28380,0.02936,0.23060,0.36415,0.09210,0.0297113
0.19498,0.38759,0.00953,0.32605,0.08185,0.1056416
0.11267,0.59011,0.00451,0.12888,0.16384,0.1508158
0.00234,0.98947,0.00193,0.00285,0.00341,0.0351704
0.07368,0.47025,0.00342,0.06299,0.38965,0.1566261
0.01699,0.48511,0.24388,0.00389,0.25013,0.1427067
0.27110,0.47783,0.00452,0.00498,0.24156,0.1344841
0.00207,0.52146,0.00439,0.16858,0.30351,0.1479496
0.00190,0.17944,0.18657,0.00453,0.62756,0.0470623
0.10112,0.53198,0.25919,0.10585,0.00186,0.1008940
0.04729,0.59019,0.02724,0.00180,0.33348,0.1584609
0.09172,0.49801,0.07814,0.05287,0.27927,0.1518365
0.00210,0.07292,0.91827,0.00333,0.00339,0.0574980
0.00315,0.00448,0.00069,0.99034,0.00135,0.0000000
0.99078,0.00264,0.00232,0.00028,0.00399,0.0000803
0.47941,0.00387,0.00069,0.00128,0.51475,0.0000113
0.00297,0.00411,0.60392,0.38607,0.00292,0.0633404
0.00195,0.00219,0.65783,0.00322,0.33480,0.0652601
0.00286,0.00263,0.00081,0.51791,0.47579,0.0003569
0.38386,0.00379,0.60675,0.00146,0.00415,0.1651897
0.28220,0.15586,0.55414,0.00451,0.00329,0.0794445
0.52483,0.00239,0.46405,0.00493,0.00381,0.1557146
0.00096,0.61140,0.00177,0.38513,0.00074,0.0733212
0.34414,0.64743,0.00122,0.00360,0.00362,0.1121711
0.37653,0.00367,0.49710,0.00499,0.11772,0.1193107
0.52117,0.32915,0.00034,0.14632,0.00303,0.0519730
0.00139,0.35445,0.23490,0.22322,0.18604,0.1154200
0.36178,0.00003,0.55346,0.08143,0.00329,0.1342433
0.55186,0.00032,0.00085,0.44438,0.00259,0.0001945
0.00068,0.64408,0.15325,0.00245,0.19954,0.1476715
0.00337,0.51936,0.00371,0.00133,0.47223,0.1412752
0.00251,0.18451,0.20505,0.60606,0.00187,0.0189271
0.12496,0.36201,0.00221,0.17246,0.33836,0.1234743
0.00065,0.00028,0.38830,0.27008,0.34068,0.0197568
0.00055,0.48697,0.50486,0.00353,0.00408,0.0706172
0.00160,0.53155,0.11559,0.00481,0.34645,0.1560451
0.66116,0.00012,0.33031,0.00402,0.00439,0.1143780
0.11226,0.60397,0.00039,0.00280,0.28058,0.1662141
0.00393,0.00205,0.00452,0.00157,0.98792,0.0000000
0.00113,0.67032,0.00125,0.00279,0.32452,0.1341285
0.14986,0.60292,0.00162,0.00017,0.24542,0.1601320
0.00086,0.35935,0.00193,0.41203,0.22584,0.0886410
0.26672,0.00160,0.00008,0.72925,0.00234,0.0001468
0.12265,0.57763,0.08253,0.00474,0.21246,0.1573056
0.00459,0.54674,0.11641,0.10740,0.22486,0.1545242
0.12479,0.53089,0.00036,0.00153,0.34243,0.1632343
0.00227,0.22064,0.58601,0.00042,0.19066,0.0770563
0.00005,0.31316,0.00342,0.14558,0.53779,0.0922080
0.12436,0.52585,0.00236,0.00049,0.34694,0.1612396
0.13162,0.44165,0.00070,0.00177,0.42425,0.1418329
0.23169,0.00351,0.00308,0.00207,0.75965,0.0000403
0.11846,0.55350,0.00334,0.07069,0.25400,0.1627274
0.00017,0.56829,0.13375,0.11917,0.17863,0.1499369
0.00394,0.52012,0.12794,0.00021,0.34778,0.1658686
0.19708,0.63817,0.00356,0.15699,0.00421,0.1230848
0.00251,0.50122,0.10810,0.05965,0.32852,0.1612919
0.43270,0.00033,0.56451,0.00039,0.00206,0.1638681
0.76422,0.00365,0.00196,0.00195,0.22823,0.0000036
0.31129,0.00086,0.68259,0.00197,0.00329,0.1544605
0.00309,0.26576,0.49394,0.23555,0.00166,0.0553639
0.00013,0.74932,0.24623,0.00420,0.00012,0.0551285
0.34375,0.00221,0.00472,0.32810,0.32122,0.0005020
0.09641,0.52950,0.09124,0.00383,0.27902,0.1562455
0.52470,0.22865,0.24338,0.00260,0.00067,0.0590430
0.20786,0.00490,0.33714,0.00009,0.45001,0.0342324
0.00221,0.49048,0.19546,0.30743,0.00442,0.0967163
0.15863,0.65706,0.00062,0.00205,0.18163,0.1525153
0.00031,0.45690,0.18600,0.00406,0.35273,0.1504014
0.12960,0.53942,0.00478,0.09580,0.23041,0.1617695
0.17974,0.00140,0.72222,0.00443,0.09221,0.1202777
0.09572,0.54928,0.00164,0.07124,0.28211,0.1627328
0.09499,0.54927,0.00030,0.07322,0.28223,0.1688361
0.00274,0.00435,0.00376,0.76089,0.22827,0.0003544
0.09534,0.54022,0.08560,0.00070,0.27814,0.1577429
0.53714,0.00006,0.32117,0.14059,0.00105,0.0937727
0.00118,0.62063,0.00491,0.13671,0.23658,0.1371818
0.27801,0.46833,0.09487,0.15799,0.00080,0.1034590
0.00380,0.52183,0.00100,0.10562,0.36774,0.1498503
0.73816,0.25136,0.00491,0.00060,0.00497,0.0180837
0.12216,0.57172,0.00371,0.00236,0.30004,0.1697654
0.07190,0.51580,0.07645,0.07264,0.26320,0.1582259
0.53240,0.00222,0.28079,0.00159,0.18301,0.0477246
0.00038,0.00211,0.80991,0.18495,0.00266,0.0617071
0.12685,0.56998,0.00012,0.00404,0.29901,0.1657202
0.00146,0.00316,0.30924,0.68483,0.00131,0.0179679
0.00388,0.00077,0.00046,0.22889,0.76599,0.0000811
0.00438,0.49077,0.10483,0.08597,0.31405,0.1490140
0.00499,0.51874,0.25526,0.00258,0.21843,0.1429777
0.13482,0.57665,0.08880,0.00447,0.19526,0.1581533
0.20373,0.79272,0.00022,0.00089,0.00244,0.0998938
0.00349,0.33227,0.30614,0.00382,0.35428,0.1173665
0.09713,0.50715,0.09175,0.00438,0.29960,0.1548235
0.00500,0.30751,0.00134,0.68171,0.00444,0.0151653
0.15787,0.53824,0.00225,0.09691,0.20473,0.1613508
0.23582,0.00059,0.59598,0.16678,0.00083,0.1007256
0.13154,0.46922,0.14093,0.00307,0.25524,0.1342392
0.16370,0.54084,0.00129,0.09239,0.20178,0.1601518
0.13959,0.57973,0.00096,0.00390,0.27581,0.1613868
0.00184,0.00381,0.38416,0.00028,0.60991,0.0218414
0.00021,0.55817,0.11627,0.00050,0.32485,0.1587372
0.11888,0.52185,0.00498,0.15505,0.19925,0.1557607
0.00411,0.47950,0.10872,0.10453,0.30314,0.1574732
0.18062,0.59477,0.00147,0.00194,0.22120,0.1620181
0.19249,0.54546,0.00482,0.07514,0.18208,0.1569935
0.79553,0.00206,0.00143,0.19826,0.00272,0.0005777
0.28585,0.24470,0.00355,0.46329,0.00262,0.0427499
0.11216,0.57139,0.00201,0.00386,0.31058,0.1630851
0.09263,0.55061,0.00380,0.05771,0.29525,0.1658628
0.00353,0.53861,0.00212,0.08423,0.37151,0.1452738
0.16745,0.60489,0.00171,0.00251,0.22344,0.1588380
0.00015,0.51610,0.19607,0.08723,0.20045,0.1482729
0.23018,0.31661,0.00071,0.00147,0.45103,0.0842024
0.00245,0.45191,0.11432,0.11211,0.31921,0.1520023
0.11345,0.56673,0.00011,0.00419,0.31553,0.1658884
0.24693,0.59179,0.15776,0.00041,0.00312,0.0946451
0.10891,0.53947,0.00314,0.07381,0.27467,0.1602840
0.19735,0.58503,0.00103,0.00250,0.21410,0.1569124
0.10734,0.56605,0.00039,0.00417,0.32205,0.1593719
0.00246,0.51191,0.07530,0.20489,0.20544,0.1487264
0.00072,0.00079,0.64449,0.18610,0.16790,0.0497935
0.10080,0.52383,0.00405,0.17244,0.19889,0.1578128
0.21802,0.57284,0.00197,0.00235,0.20481,0.1543376
0.10389,0.63530,0.00198,0.05773,0.20110,0.1609748
0.00173,0.32528,0.00248,0.00224,0.66826,0.0888686
0.20503,0.27141,0.25577,0.26611,0.00167,0.0614958
0.00295,0.55517,0.11062,0.00383,0.32743,0.1555267
0.10528,0.62732,0.00318,0.06709,0.19714,0.1608082
0.00236,0.80148,0.00283,0.19247,0.00086,0.0648467
0.11956,0.53179,0.00147,0.08720,0.25998,0.1670349
0.07217,0.61138,0.06129,0.00022,0.25494,0.1560080
0.07015,0.60555,0.06667,0.00194,0.25569,0.1609857
0.09110,0.53491,0.07381,0.10485,0.19533,0.1619738
0.00162,0.49791,0.10521,0.00319,0.39207,0.1461523
0.15676,0.52219,0.00442,0.09902,0.21760,0.1574158
0.08862,0.54035,0.00385,0.17775,0.18944,0.1516844
0.08759,0.53911,0.07951,0.09371,0.20008,0.1577227
0.19394,0.00242,0.35781,0.44209,0.00374,0.0312340
0.00189,0.57935,0.14001,0.00449,0.27427,0.1518010
0.00471,0.55334,0.00223,0.00233,0.43738,0.1502649
0.19185,0.51752,0.00359,0.09365,0.19339,0.1540716
0.09408,0.54856,0.00299,0.06104,0.29332,0.1704672
0.08610,0.53705,0.08076,0.09407,0.20203,0.1548708
0.37710,0.48223,0.00064,0.00000,0.14003,0.1130917
0.00137,0.48486,0.10971,0.00289,0.40117,0.1479921
0.00295,0.00275,0.25118,0.52885,0.21427,0.0070820
0.08549,0.45464,0.27676,0.00127,0.18184,0.1258970
0.11194,0.57299,0.00133,0.00178,0.31196,0.1615299
0.08997,0.48932,0.08586,0.10103,0.23382,0.1563538
0.09561,0.54424,0.00236,0.06753,0.29025,0.1611494
0.43177,0.21428,0.00108,0.14812,0.20477,0.0437078
