     Ir,     Pd,     Pt,     Rh,     Ru, activity
0.00661,0.64577,0.01815,0.21848,0.11099,0.1148523
0.12466,0.28625,0.30884,0.23406,0.04618,0.0783531
0.00175,0.10775,0.00276,0.00405,0.88369,0.0124483
0.00087,0.98958,0.00042,0.00422,0.00491,0.0350932
0.00017,0.48775,0.00379,0.45300,0.05529,0.0751936
0.03078,0.51189,0.08658,0.10714,0.26362,0.1575491
0.22077,0.47641,0.00325,0.00125,0.29833,0.1424576
0.00034,0.57596,0.00423,0.00106,0.41841,0.1454481
0.00206,0.49226,0.20446,0.00335,0.29787,0.1528564
0.00335,0.40601,0.08703,0.12363,0.37998,0.1345693
0.08151,0.56546,0.11344,0.00043,0.23916,0.1548504
0.74154,0.25130,0.00322,0.00385,0.00008,0.0169622
0.00044,0.58658,0.39206,0.00453,0.01638,0.0803955
0.36956,0.00136,0.26722,0.00383,0.35803,0.0285122
0.38812,0.00470,0.00206,0.60234,0.00279,0.0005113
0.25423,0.53313,0.00226,0.12331,0.08706,0.1344520
0.00315,0.00112,0.99220,0.00033,0.00320,0.0679641
0.00035,0.00219,0.63676,0.00117,0.35954,0.0671935
0.11700,0.61655,0.00058,0.00223,0.26365,0.1634731
0.00056,0.00074,0.00280,0.59073,0.40518,0.0000860
0.33887,0.00006,0.65415,0.00263,0.00430,0.1589914
0.22481,0.14092,0.63115,0.00258,0.00053,0.0815151
0.48711,0.00437,0.50566,0.00166,0.00120,0.1583794
0.35706,0.00012,0.51533,0.12266,0.00483,0.1212188
0.00041,0.00068,0.35714,0.63936,0.00241,0.0273698
0.10034,0.53719,0.00368,0.09532,0.26346,0.1641501
0.18243,0.37766,0.00394,0.22719,0.20878,0.1231733
0.00471,0.00255,0.71206,0.27606,0.00462,0.0637603
0.00395,0.63923,0.07993,0.00040,0.27650,0.1461503
0.99409,0.00135,0.00250,0.00008,0.00198,0.0000006
0.31254,0.48130,0.20092,0.00045,0.00479,0.0814819
0.00223,0.00335,0.38302,0.29307,0.31833,0.0195982
0.35606,0.00162,0.55257,0.00333,0.08642,0.1302401
0.63971,0.00104,0.35161,0.00278,0.00486,0.1218278
0.00000,0.55193,0.00422,0.14045,0.30339,0.1439404
0.00174,0.00291,0.33304,0.00424,0.65808,0.0139512
0.08737,0.51637,0.05659,0.00236,0.33731,0.1605723
0.15888,0.62029,0.00396,0.00413,0.21274,0.1544662
0.00031,0.00391,0.00261,0.99200,0.00116,0.0000001
0.10990,0.54498,0.00013,0.05745,0.28753,0.1725564
0.69557,0.00232,0.00392,0.29486,0.00333,0.0016392
0.00236,0.33033,0.36728,0.00369,0.29633,0.1189876
0.10412,0.42133,0.00289,0.00496,0.46670,0.1395092
0.22819,0.45081,0.00288,0.31679,0.00133,0.1034928
0.22918,0.00087,0.00090,0.15293,0.61611,0.0000812
0.10800,0.53832,0.00225,0.06584,0.28558,0.1623597
0.10758,0.47708,0.11594,0.00413,0.29527,0.1478708
0.00415,0.49487,0.18744,0.14246,0.17109,0.1439962
0.67195,0.00419,0.00341,0.00452,0.31593,0.0000784
0.36506,0.00463,0.00110,0.35382,0.27538,0.0010597
0.43616,0.00035,0.55808,0.00111,0.00430,0.1659485
0.26240,0.73007,0.00181,0.00294,0.00278,0.1070288
0.00041,0.54263,0.21077,0.24290,0.00330,0.1058127
0.10931,0.56022,0.06367,0.07987,0.18693,0.1549375
0.00063,0.24660,0.00296,0.74770,0.00211,0.0082645
0.00297,0.37567,0.00060,0.29330,0.32747,0.1095911
0.00315,0.47459,0.12810,0.00218,0.39199,0.1501676
0.00095,0.78568,0.20648,0.00464,0.00225,0.0536633
0.39561,0.00003,0.26946,0.33066,0.00423,0.0449600
0.00096,0.24100,0.75059,0.00374,0.00371,0.0538554
0.10732,0.56851,0.00295,0.00062,0.32060,0.1733229
0.10309,0.57170,0.00034,0.00267,0.32219,0.1608667
0.10471,0.57129,0.00062,0.00132,0.32206,0.1647211
0.00401,0.30377,0.18006,0.37996,0.13220,0.0789542
0.10126,0.53589,0.00142,0.07499,0.28644,0.1646283
0.00035,0.00441,0.00212,0.29098,0.70215,0.0007823
0.00286,0.28812,0.46805,0.23831,0.00266,0.0612059
0.48508,0.08485,0.42727,0.00277,0.00003,0.1074249
0.10590,0.56319,0.00243,0.00411,0.32436,0.1660819
0.14901,0.65998,0.00203,0.18399,0.00499,0.1187801
0.08750,0.64010,0.00265,0.00113,0.26862,0.1579301
0.00276,0.45672,0.00018,0.00112,0.53923,0.1295010
0.09941,0.53222,0.00165,0.07333,0.29338,0.1621297
0.10796,0.53682,0.09205,0.00131,0.26187,0.1591826
0.17351,0.57311,0.00486,0.00176,0.24676,0.1586469
0.00444,0.53914,0.20435,0.00381,0.24826,0.1503194
0.44395,0.55094,0.00357,0.00116,0.00038,0.0934299
0.09768,0.52907,0.00264,0.07127,0.29934,0.1615633
0.11266,0.54846,0.00340,0.09288,0.24260,0.1626747
0.32080,0.00292,0.67165,0.00228,0.00235,0.1567812
0.09806,0.54900,0.00419,0.00417,0.34457,0.1582794
0.09374,0.52546,0.00132,0.07441,0.30506,0.1557726
0.00404,0.52335,0.11475,0.00461,0.35325,0.1513050
0.13013,0.57435,0.00048,0.07589,0.21915,0.1576695
0.00301,0.34741,0.18033,0.00152,0.46773,0.1146107
0.18837,0.56385,0.00467,0.00471,0.23839,0.1550571
0.09395,0.55760,0.00272,0.00465,0.34108,0.1642838
0.10536,0.51141,0.10353,0.00131,0.27840,0.1555158
0.00412,0.67383,0.00364,0.00366,0.31474,0.1365948
0.10380,0.54210,0.00204,0.00391,0.34815,0.1629401
0.09248,0.50198,0.08948,0.08993,0.22613,0.1554489
0.45192,0.31815,0.00317,0.22421,0.00256,0.0580555
0.11129,0.54307,0.00034,0.00283,0.34247,0.1638549
0.09322,0.51117,0.00006,0.07290,0.32264,0.1600103
0.15672,0.60302,0.00112,0.00472,0.23443,0.1671817
0.19800,0.54709,0.00039,0.00347,0.25106,0.1500686
0.00270,0.00277,0.83171,0.00126,0.16155,0.0789251
0.00069,0.47202,0.18693,0.10496,0.23540,0.1444141
0.09504,0.55155,0.00260,0.00326,0.34755,0.1645126
0.11002,0.56139,0.00047,0.10020,0.22792,0.1657452
0.10449,0.58368,0.08151,0.00476,0.22556,0.1493314
0.09630,0.54913,0.00161,0.00346,0.34951,0.1628323
0.09433,0.55263,0.00300,0.00147,0.34857,0.1623392
0.09411,0.50544,0.00378,0.08017,0.31649,0.1587661
0.11330,0.55451,0.00262,0.11101,0.21856,0.1595763
0.17936,0.47052,0.00125,0.00296,0.34591,0.1464569
0.00396,0.52132,0.23890,0.00238,0.23344,0.1451692
0.10678,0.58033,0.00024,0.08249,0.23016,0.1639392
0.00235,0.54219,0.00249,0.09013,0.36284,0.1438007
0.11799,0.43847,0.18015,0.00338,0.26000,0.1333563
0.14029,0.00371,0.12512,0.72752,0.00336,0.0028577
0.10777,0.52995,0.00463,0.16333,0.19432,0.1599413
0.18218,0.27640,0.00046,0.00233,0.53863,0.0727716
0.43119,0.00083,0.56349,0.00287,0.00162,0.1677951
0.43303,0.00013,0.56138,0.00077,0.00468,0.1636885
0.12559,0.63300,0.00103,0.00140,0.23898,0.1572122
0.11009,0.52685,0.00041,0.17167,0.19098,0.1571802
0.10815,0.48493,0.00282,0.08968,0.31442,0.1603334
0.39644,0.38592,0.00301,0.00077,0.21386,0.0930049
0.11376,0.51996,0.07850,0.11858,0.16919,0.1528917
0.26267,0.00475,0.72544,0.00414,0.00300,0.1423486
0.15036,0.00441,0.47971,0.36056,0.00496,0.0461851
0.50992,0.00351,0.40037,0.00205,0.08414,0.1067525
0.16381,0.55699,0.00173,0.07820,0.19927,0.1634210
0.13255,0.48752,0.00222,0.09142,0.28628,0.1516542
0.00066,0.46023,0.17373,0.12058,0.24479,0.1497396
0.09273,0.52070,0.00459,0.19394,0.18803,0.1536318
0.15792,0.61800,0.00140,0.00399,0.21870,0.1557686
0.15387,0.22858,0.00494,0.48227,0.13035,0.0569374
0.10944,0.53453,0.09243,0.11195,0.15165,0.1490946
0.00030,0.37575,0.44843,0.00051,0.17501,0.1095677
0.09547,0.61482,0.00017,0.06322,0.22632,0.1560860
0.21757,0.00318,0.63071,0.00058,0.14796,0.1163440
0.00034,0.53737,0.11119,0.00481,0.34628,0.1579828
0.00472,0.33067,0.00094,0.13112,0.53254,0.0954252
0.00059,0.56724,0.00405,0.10976,0.31835,0.1525850
0.00075,0.58033,0.00278,0.00481,0.41132,0.1474697
0.00009,0.08812,0.60568,0.12907,0.17704,0.0571983
0.16369,0.53309,0.13839,0.16473,0.00011,0.1094240
0.11668,0.51486,0.00166,0.07771,0.28910,0.1599834
0.00272,0.54041,0.10140,0.08090,0.27457,0.1610618
0.09373,0.61263,0.00314,0.06292,0.22758,0.1549391
0.00358,0.56000,0.00410,0.15409,0.27823,0.1439076
0.12496,0.49911,0.00338,0.08631,0.28624,0.1593978
0.17968,0.58483,0.00390,0.00078,0.23082,0.1534486
0.09755,0.55668,0.00139,0.00029,0.34408,0.1584638
0.00375,0.54320,0.12123,0.00439,0.32743,0.1550876
0.08905,0.45587,0.08922,0.08853,0.27734,0.1530789
0.00142,0.48098,0.16747,0.10888,0.24125,0.1494845
0.09616,0.45852,0.08242,0.08495,0.27795,0.1529260
