     Ag,     Ir,     Pd,     Pt,     Ru, activity
0.22015,0.04630,0.11664,0.10674,0.51016,0.0309530
0.27137,0.26796,0.30232,0.07585,0.08251,0.0980717
0.06636,0.49093,0.43708,0.00260,0.00303,0.0917827
0.40220,0.51678,0.07542,0.00218,0.00343,0.0266256
0.14502,0.21774,0.50347,0.09611,0.03766,0.1281161
0.27579,0.03859,0.68163,0.00335,0.00063,0.1535915
0.20686,0.00236,0.65302,0.13417,0.00359,0.1421588
0.00065,0.00372,0.00421,0.98727,0.00416,0.0413483
0.38002,0.00309,0.61036,0.00410,0.00243,0.1170236
0.10787,0.01762,0.86857,0.00263,0.00330,0.1790094
0.04421,0.00309,0.80649,0.00341,0.14281,0.1291897
0.00400,0.45755,0.00187,0.52453,0.01205,0.1364352
0.29566,0.18049,0.00086,0.51991,0.00308,0.0509735
0.00201,0.45646,0.00224,0.26573,0.27356,0.0250266
0.00344,0.25399,0.24563,0.49528,0.00166,0.0931723
0.99135,0.00368,0.00020,0.00202,0.00275,0.0154307
0.00158,0.00365,0.00204,0.62048,0.37225,0.0345159
0.61795,0.00252,0.00229,0.00270,0.37455,0.0408327
0.07102,0.09667,0.82773,0.00190,0.00269,0.1444815
0.00113,0.67706,0.00356,0.31809,0.00018,0.1223902
0.00015,0.48375,0.22071,0.29264,0.00275,0.0812569
0.23587,0.00334,0.49427,0.00232,0.26419,0.1202787
0.00480,0.24622,0.42190,0.00448,0.32260,0.1074753
0.00468,0.00285,0.42261,0.29161,0.27825,0.1331307
0.19239,0.00434,0.32717,0.30930,0.16679,0.1093743
0.00003,0.00142,0.55681,0.44132,0.00042,0.0882315
0.00097,0.00006,0.43459,0.00188,0.56250,0.0762224
0.00335,0.98978,0.00164,0.00416,0.00107,0.0001277
0.67551,0.00453,0.00362,0.31453,0.00180,0.0146762
0.00146,0.00192,0.00236,0.00070,0.99356,0.0000000
0.00049,0.14028,0.48064,0.20464,0.17395,0.1317358
0.71939,0.27463,0.00082,0.00098,0.00418,0.0305096
0.00333,0.00249,0.26261,0.72814,0.00343,0.0751670
0.36436,0.31507,0.00292,0.00146,0.31619,0.0057914
0.15142,0.49084,0.00174,0.35451,0.00149,0.0677870
0.00248,0.11322,0.27867,0.25374,0.35190,0.0733034
0.15378,0.00057,0.84184,0.00312,0.00069,0.2050910
0.70970,0.00394,0.28352,0.00160,0.00125,0.0268605
0.36190,0.00205,0.00154,0.35037,0.28415,0.0229033
0.00210,0.70391,0.00038,0.00383,0.28978,0.0001563
0.00201,0.25899,0.00348,0.73465,0.00087,0.1147869
0.00128,0.31322,0.00476,0.00070,0.68005,0.0000000
0.00326,0.24143,0.00465,0.59268,0.15799,0.0778749
0.39988,0.00174,0.27907,0.31918,0.00014,0.0869355
0.44739,0.00472,0.26504,0.00049,0.28236,0.0778643
0.00485,0.00331,0.56426,0.11288,0.31470,0.1455446
0.24801,0.00484,0.00233,0.74455,0.00028,0.0421821
0.00137,0.30666,0.58970,0.00026,0.10202,0.1357593
0.49665,0.28068,0.00242,0.21713,0.00312,0.0273513
0.00110,0.00009,0.00032,0.30251,0.69598,0.0084066
0.45186,0.22315,0.31819,0.00402,0.00279,0.0956904
0.18395,0.00424,0.29572,0.51205,0.00405,0.0986298
0.11265,0.14463,0.56902,0.00376,0.16995,0.1454229
0.17317,0.00232,0.81974,0.00246,0.00231,0.2022324
0.22124,0.17515,0.31728,0.28470,0.00163,0.1004015
0.29311,0.00269,0.00226,0.00405,0.69788,0.0056168
0.00214,0.75897,0.23518,0.00239,0.00132,0.0238591
0.00335,0.46312,0.34694,0.00153,0.18506,0.0659428
0.00266,0.00185,0.82756,0.16376,0.00416,0.0799726
0.56056,0.08069,0.10529,0.10482,0.14863,0.0462612
0.00247,0.00109,0.28428,0.52700,0.18516,0.1072840
0.19100,0.00391,0.35585,0.00255,0.44670,0.0933109
0.00317,0.27809,0.54313,0.17517,0.00045,0.1079592
0.00088,0.00432,0.00441,0.81637,0.17401,0.0482531
0.23086,0.16945,0.33043,0.00036,0.26889,0.0979221
0.13846,0.24062,0.61651,0.00289,0.00152,0.1383856
0.20760,0.78200,0.00425,0.00146,0.00469,0.0011040
0.00463,0.43661,0.10606,0.00294,0.44978,0.0032072
0.00131,0.00326,0.62356,0.00478,0.36709,0.1473459
0.46070,0.00084,0.00394,0.53046,0.00407,0.0245386
0.24723,0.42793,0.32125,0.00286,0.00073,0.0887891
0.10485,0.00426,0.44039,0.12622,0.32429,0.1240574
0.00196,0.20405,0.00187,0.30157,0.49055,0.0119897
0.21736,0.23196,0.00090,0.31399,0.23579,0.0336421
0.00055,0.00439,0.59108,0.23670,0.16728,0.1408016
0.00413,0.00388,0.19118,0.00046,0.80035,0.0057393
0.18100,0.00127,0.81058,0.00345,0.00369,0.1995262
0.18059,0.00330,0.80953,0.00186,0.00472,0.2001188
0.17587,0.00112,0.08199,0.55990,0.18112,0.0605831
0.43326,0.00227,0.07399,0.00470,0.48579,0.0355749
0.00201,0.00033,0.18006,0.37333,0.44426,0.0547626
0.19578,0.00008,0.49418,0.30989,0.00006,0.1211287
0.41526,0.00205,0.43539,0.14564,0.00165,0.1020364
0.17510,0.00454,0.81507,0.00151,0.00378,0.1937030
0.21087,0.55900,0.00040,0.00417,0.22556,0.0010324
0.05998,0.14834,0.11825,0.66927,0.00416,0.0850818
0.00125,0.14398,0.44747,0.40622,0.00108,0.1020611
0.00076,0.12481,0.61566,0.00097,0.25780,0.1596040
0.17729,0.00060,0.81776,0.00171,0.00263,0.2147012
0.20090,0.24191,0.00012,0.00055,0.55652,0.0005160
0.17801,0.00332,0.81576,0.00219,0.00073,0.2030548
0.82347,0.00015,0.00428,0.00203,0.17007,0.0654222
0.00316,0.26750,0.23481,0.34393,0.15061,0.0849478
0.29080,0.20434,0.50069,0.00294,0.00123,0.1327251
0.17326,0.00253,0.82131,0.00031,0.00259,0.2038684
0.17199,0.00261,0.82036,0.00353,0.00151,0.2021518
0.33480,0.00225,0.24387,0.16236,0.25672,0.0777256
0.00500,0.81781,0.00102,0.17175,0.00442,0.0682504
0.00449,0.17818,0.22711,0.00234,0.58787,0.0175216
0.15747,0.00392,0.00096,0.36745,0.47019,0.0212694
0.00377,0.09897,0.54122,0.00422,0.35181,0.1402941
0.17693,0.00215,0.81350,0.00272,0.00470,0.1975273
0.17599,0.00009,0.81900,0.00058,0.00434,0.2000659
0.17210,0.00309,0.82001,0.00132,0.00348,0.1964777
0.17330,0.00272,0.81646,0.00500,0.00252,0.2018716
0.00283,0.00127,0.44422,0.41577,0.13591,0.1265287
0.17523,0.00338,0.81931,0.00030,0.00179,0.2067031
0.17350,0.00202,0.81768,0.00472,0.00207,0.2016482
0.36016,0.08587,0.43861,0.00140,0.11396,0.1106458
0.17378,0.00007,0.81713,0.00481,0.00422,0.1990791
0.17082,0.00164,0.82263,0.00297,0.00194,0.1970544
0.17574,0.00475,0.81435,0.00289,0.00227,0.1965139
0.00396,0.63442,0.08423,0.17180,0.10559,0.0354515
0.17232,0.00354,0.81890,0.00415,0.00109,0.2022081
0.17431,0.00336,0.81567,0.00338,0.00328,0.1952336
0.17446,0.00318,0.81546,0.00238,0.00452,0.1991599
0.17275,0.00170,0.82042,0.00441,0.00072,0.2012305
0.17163,0.00361,0.81915,0.00186,0.00375,0.2017477
0.16922,0.00198,0.82349,0.00068,0.00464,0.2052698
0.17093,0.00126,0.82469,0.00066,0.00246,0.2010714
0.18608,0.00489,0.80261,0.00353,0.00289,0.1966745
0.18843,0.00499,0.79884,0.00314,0.00459,0.2002002
0.79073,0.10758,0.09982,0.00124,0.00062,0.0483632
0.17174,0.00109,0.82221,0.00494,0.00001,0.2020543
0.16697,0.00459,0.82443,0.00186,0.00216,0.1951499
0.65219,0.15933,0.00058,0.00189,0.18601,0.0311333
0.18609,0.00445,0.80358,0.00330,0.00259,0.1953759
0.15267,0.00020,0.83769,0.00454,0.00490,0.1993037
0.17049,0.00036,0.82426,0.00351,0.00138,0.2043640
0.47537,0.14012,0.21800,0.16433,0.00218,0.0725095
0.19000,0.00461,0.79832,0.00387,0.00320,0.1974581
0.00251,0.44730,0.41714,0.13226,0.00078,0.0888755
0.00097,0.31393,0.68007,0.00096,0.00408,0.1248021
0.18252,0.00427,0.80763,0.00221,0.00337,0.1995259
0.15964,0.00365,0.83158,0.00020,0.00493,0.1974293
0.17300,0.00117,0.82138,0.00321,0.00124,0.2069013
0.18113,0.00207,0.80919,0.00427,0.00335,0.2041749
0.18467,0.00478,0.80573,0.00035,0.00446,0.2005820
0.17097,0.00089,0.82428,0.00253,0.00133,0.2080149
0.16962,0.54649,0.15093,0.12978,0.00317,0.0537163
0.17996,0.00131,0.81071,0.00338,0.00465,0.1991146
0.16850,0.00063,0.82595,0.00180,0.00313,0.2082788
0.16710,0.00477,0.82568,0.00214,0.00031,0.2051063
0.16486,0.00197,0.82825,0.00028,0.00465,0.2011176
0.16745,0.00200,0.82611,0.00014,0.00430,0.1996867
0.17133,0.00173,0.82487,0.00122,0.00085,0.2084702
0.11954,0.28615,0.46343,0.00363,0.12725,0.1286745
0.18317,0.00320,0.80853,0.00124,0.00386,0.1977304
0.17906,0.00484,0.77495,0.00326,0.03790,0.1611249
0.12328,0.00301,0.59933,0.11315,0.16123,0.1441426
