     Ir,     Pd,     Pt,     Rh,     Ru, activity
0.23377,0.13807,0.14579,0.20107,0.28129,0.0398808
0.21825,0.16365,0.23836,0.11713,0.26261,0.0577588
0.15156,0.20356,0.44929,0.00330,0.19228,0.0791521
0.00337,0.56744,0.42564,0.00257,0.00099,0.0681013
0.16493,0.08812,0.74194,0.00062,0.00438,0.0882047
0.00437,0.00458,0.79369,0.00162,0.19575,0.0806992
0.35694,0.00260,0.63301,0.00398,0.00346,0.1603054
0.57244,0.00287,0.42186,0.00201,0.00082,0.1447795
0.39105,0.00350,0.51224,0.09041,0.00280,0.1312178
0.00151,0.98843,0.00303,0.00490,0.00213,0.0348363
0.00276,0.54486,0.00290,0.00104,0.44843,0.1438989
0.22969,0.56479,0.00367,0.00003,0.20183,0.1472048
0.00120,0.58540,0.00470,0.17737,0.23133,0.1429632
0.04670,0.64983,0.00236,0.00164,0.29947,0.1503443
0.00054,0.40602,0.00015,0.58920,0.00408,0.0354282
0.53945,0.44946,0.00471,0.00303,0.00335,0.0664311
0.12887,0.53766,0.00286,0.00453,0.32609,0.1623643
0.13127,0.53475,0.00379,0.00191,0.32828,0.1602827
0.00219,0.00125,0.00258,0.00327,0.99072,0.0000000
0.07915,0.54300,0.08358,0.00462,0.28966,0.1591568
0.10648,0.54219,0.00336,0.04115,0.30682,0.1652486
0.09917,0.53416,0.00469,0.05958,0.30241,0.1616236
0.10601,0.54277,0.00100,0.04700,0.30322,0.1638316
0.10565,0.53799,0.00102,0.04925,0.30608,0.1649257
0.10637,0.53912,0.00099,0.05137,0.30215,0.1588195
0.10701,0.54206,0.00115,0.03916,0.31062,0.1658507
0.10704,0.54007,0.00016,0.04402,0.30872,0.1667713
0.10112,0.54015,0.00283,0.04847,0.30743,0.1677048
0.10129,0.53384,0.00209,0.05636,0.30641,0.1612540
0.10379,0.54264,0.00004,0.04452,0.30901,0.1586434
0.10827,0.54077,0.00457,0.03626,0.31013,0.1628979
0.10522,0.54242,0.00131,0.04202,0.30903,0.1661709
0.10440,0.54361,0.00405,0.04219,0.30574,0.1653103
0.10375,0.54299,0.00148,0.04470,0.30708,0.1635752
0.10383,0.54275,0.00001,0.04429,0.30912,0.1668200
0.10330,0.53982,0.00394,0.04985,0.30308,0.1644067
0.10212,0.54274,0.00401,0.04670,0.30442,0.1685565
0.10061,0.54247,0.00473,0.05503,0.29716,0.1654517
0.10593,0.54512,0.00207,0.05249,0.29438,0.1613516
0.09361,0.53520,0.00407,0.05503,0.31208,0.1623925
0.10374,0.54211,0.00216,0.04671,0.30528,0.1575605
0.99259,0.00091,0.00302,0.00236,0.00112,0.0000003
0.10924,0.53927,0.00332,0.03240,0.31576,0.1662788
0.11299,0.54038,0.00011,0.02755,0.31897,0.1656608
0.11978,0.53579,0.00272,0.01683,0.32488,0.1584125
0.10162,0.54734,0.00233,0.05022,0.29848,0.1617637
0.09472,0.54361,0.02468,0.04224,0.29476,0.1603996
0.09503,0.53424,0.00377,0.05389,0.31307,0.1587522
0.10594,0.55263,0.00321,0.03587,0.30235,0.1629590
0.10434,0.55510,0.00383,0.03753,0.29921,0.1625260
0.10690,0.54930,0.00063,0.03607,0.30711,0.1638279
0.11010,0.55030,0.00058,0.03479,0.30423,0.1582804
0.10642,0.53688,0.00416,0.04348,0.30905,0.1594333
0.10573,0.54923,0.00097,0.03968,0.30438,0.1652567
0.43795,0.00147,0.55618,0.00366,0.00073,0.1656319
0.19701,0.58783,0.00113,0.21377,0.00026,0.1236265
0.43573,0.00186,0.55922,0.00151,0.00169,0.1611165
0.10758,0.54663,0.04059,0.05020,0.25500,0.1595910
0.40186,0.00189,0.53826,0.00488,0.05311,0.1396987
0.11975,0.53593,0.00059,0.06172,0.28201,0.1631598
0.00356,0.49187,0.15193,0.00094,0.35169,0.1524223
0.11568,0.53363,0.00219,0.06123,0.28726,0.1659557
0.11595,0.53440,0.00191,0.06350,0.28424,0.1701523
0.12093,0.52968,0.00301,0.06928,0.27710,0.1609854
0.11609,0.53352,0.00113,0.06352,0.28574,0.1612364
0.11550,0.53159,0.00456,0.06078,0.28757,0.1660107
0.11305,0.52976,0.00405,0.06512,0.28801,0.1644235
0.00312,0.00296,0.51869,0.47266,0.00256,0.0546620
0.11521,0.53652,0.00247,0.06304,0.28276,0.1640444
0.11553,0.53624,0.00069,0.06421,0.28333,0.1669781
0.11684,0.53486,0.00324,0.06813,0.27693,0.1663588
0.11664,0.53570,0.00047,0.07054,0.27665,0.1646926
0.11859,0.53131,0.00110,0.06954,0.27946,0.1651661
0.11937,0.53063,0.00245,0.07521,0.27234,0.1540970
0.10913,0.53985,0.00457,0.05958,0.28687,0.1656500
0.10694,0.54198,0.00275,0.05832,0.29001,0.1652695
0.10753,0.54536,0.00411,0.05691,0.28608,0.1665182
0.11009,0.54642,0.00130,0.06097,0.28121,0.1620042
0.10846,0.54611,0.00445,0.05658,0.28440,0.1690749
0.10990,0.54754,0.00074,0.05899,0.28284,0.1672464
0.42917,0.00028,0.56556,0.00475,0.00024,0.1697114
0.00080,0.42468,0.00065,0.16858,0.40529,0.1306914
0.00195,0.00360,0.00166,0.98810,0.00469,0.0000000
0.00097,0.00040,0.44180,0.00063,0.55619,0.0310843
0.47411,0.00056,0.00244,0.52115,0.00175,0.0003354
0.09454,0.53355,0.05030,0.05640,0.26520,0.1585376
0.00414,0.47535,0.16494,0.13334,0.22223,0.1505026
0.09193,0.53257,0.04754,0.05792,0.27005,0.1594393
0.13143,0.51423,0.00499,0.09161,0.25775,0.1609384
0.18558,0.40641,0.20442,0.20244,0.00115,0.1000062
0.08196,0.54975,0.04013,0.05751,0.27065,0.1621542
0.14567,0.50249,0.00447,0.01696,0.33041,0.1623793
0.47158,0.00046,0.00401,0.00323,0.52072,0.0000003
0.13473,0.51385,0.00151,0.07347,0.27644,0.1598910
0.11004,0.56847,0.00243,0.05695,0.26210,0.1674844
0.00276,0.56261,0.10068,0.05201,0.28194,0.1524637
0.00414,0.00021,0.00061,0.61122,0.38382,0.0000829
0.11645,0.56880,0.00183,0.05191,0.26100,0.1638034
0.11511,0.56751,0.00152,0.05299,0.26288,0.1655052
0.11509,0.57025,0.00261,0.05421,0.25784,0.1630934
0.12551,0.56635,0.00218,0.00333,0.30263,0.1640447
0.00478,0.62600,0.14785,0.21857,0.00280,0.1097681
0.11490,0.56786,0.00224,0.05110,0.26391,0.1625735
0.12511,0.56095,0.00045,0.00393,0.30957,0.1616467
0.00368,0.39898,0.15783,0.00005,0.43946,0.1275790
0.10123,0.54538,0.04075,0.04373,0.26891,0.1693068
0.10358,0.54544,0.04346,0.04195,0.26557,0.1653844
0.10408,0.54363,0.04207,0.04113,0.26910,0.1623655
0.10041,0.54572,0.04150,0.04334,0.26902,0.1648052
0.10347,0.54663,0.03773,0.04501,0.26717,0.1620475
0.10291,0.54674,0.03958,0.04155,0.26922,0.1616408
0.09930,0.54492,0.03984,0.04753,0.26842,0.1675156
0.10001,0.54277,0.04082,0.04635,0.27005,0.1631504
0.09988,0.54570,0.03909,0.04511,0.27022,0.1641842
0.11087,0.56361,0.00114,0.05642,0.26796,0.1670081
0.11314,0.56320,0.00098,0.05383,0.26885,0.1622965
0.10996,0.56460,0.00183,0.05418,0.26943,0.1608626
0.10260,0.53886,0.04359,0.04213,0.27282,0.1645929
0.10372,0.54153,0.04033,0.04202,0.27241,0.1665293
0.10291,0.54372,0.04097,0.04268,0.26972,0.1566020
0.11346,0.56170,0.00224,0.05269,0.26991,0.1616956
0.11162,0.56133,0.00038,0.05528,0.27140,0.1648302
0.11102,0.56546,0.00495,0.05069,0.26788,0.1721728
0.11229,0.56364,0.00013,0.05380,0.27014,0.1670052
0.11175,0.56500,0.00156,0.05037,0.27131,0.1629950
0.11034,0.56266,0.00435,0.05540,0.26724,0.1613565
0.00085,0.00249,0.55546,0.22112,0.22009,0.0405490
0.11208,0.56451,0.00414,0.05637,0.26289,0.1647789
0.11144,0.56375,0.00377,0.05333,0.26772,0.1574078
0.10291,0.53876,0.04641,0.03458,0.27734,0.1628277
0.11424,0.56025,0.00208,0.05894,0.26450,0.1667089
0.11254,0.56284,0.00326,0.05606,0.26531,0.1693074
0.11374,0.56192,0.00221,0.05810,0.26402,0.1603476
0.11168,0.56289,0.00270,0.05725,0.26548,0.1612997
0.11301,0.56133,0.00396,0.05646,0.26524,0.1648099
0.09909,0.53979,0.04132,0.04762,0.27217,0.1598581
0.11751,0.54704,0.00228,0.06800,0.26517,0.1632049
0.11546,0.56715,0.00046,0.04370,0.27324,0.1650627
0.12239,0.56495,0.00412,0.01612,0.29243,0.1676365
0.11745,0.56801,0.00261,0.02581,0.28612,0.1643748
0.11965,0.56769,0.00243,0.02335,0.28688,0.1634767
0.11684,0.56466,0.00075,0.03384,0.28392,0.1686489
0.11997,0.56649,0.00330,0.02121,0.28902,0.1579566
0.12060,0.56340,0.00475,0.01422,0.29702,0.1630767
0.43113,0.00419,0.56160,0.00156,0.00151,0.1617852
0.11195,0.55745,0.00341,0.05073,0.27646,0.1612049
0.11207,0.55472,0.00038,0.05325,0.27959,0.1640421
0.11266,0.55408,0.00312,0.05062,0.27951,0.1621553
0.11034,0.55512,0.00405,0.05302,0.27747,0.1645251
0.11413,0.55282,0.00163,0.05355,0.27786,0.1631917
