     Ir,     Pd,     Pt,     Rh,     Ru, activity
0.11880,0.37857,0.34908,0.12631,0.02722,0.0904338
0.18332,0.13592,0.09852,0.31065,0.27159,0.0401910
0.00211,0.73595,0.25651,0.00395,0.00148,0.0557617
0.09065,0.28757,0.61689,0.00080,0.00409,0.0579781
0.30862,0.40545,0.24831,0.03701,0.00061,0.0781887
0.07789,0.41624,0.25686,0.24560,0.00341,0.0953370
0.00319,0.33658,0.34408,0.31494,0.00121,0.0676525
0.13837,0.48089,0.17764,0.20209,0.00101,0.1055553
0.10515,0.51172,0.07597,0.18972,0.11743,0.1436313
0.03053,0.54737,0.00215,0.15938,0.26058,0.1507111
0.13592,0.52726,0.00361,0.08304,0.25017,0.1619833
0.10595,0.48100,0.09856,0.00057,0.31393,0.1454088
0.14447,0.56687,0.00088,0.05232,0.23545,0.1640647
0.13877,0.58028,0.00180,0.04701,0.23214,0.1580936
0.16618,0.51226,0.00439,0.07445,0.24272,0.1615049
0.15259,0.52196,0.00457,0.08062,0.24025,0.1673176
0.16649,0.50911,0.00434,0.07680,0.24325,0.1583772
0.14049,0.53439,0.00314,0.08396,0.23802,0.1624074
0.14281,0.53072,0.00455,0.08747,0.23444,0.1564931
0.14760,0.53879,0.00192,0.06619,0.24548,0.1608629
0.14373,0.53959,0.00118,0.07042,0.24509,0.1620373
0.14486,0.53459,0.00236,0.06742,0.25077,0.1590857
0.19478,0.53452,0.00120,0.01023,0.25927,0.1591797
0.00152,0.00098,0.55374,0.00451,0.43925,0.0501948
0.14963,0.54335,0.00352,0.07778,0.22572,0.1593377
0.14663,0.53649,0.00089,0.07613,0.23985,0.1598755
0.00141,0.00083,0.00372,0.00046,0.99357,0.0000000
0.14353,0.53987,0.00223,0.07257,0.24179,0.1609197
0.14431,0.53626,0.00213,0.07204,0.24527,0.1598840
0.14883,0.54541,0.00379,0.07414,0.22783,0.1580324
0.14148,0.52395,0.00492,0.06289,0.26676,0.1619536
0.13878,0.52830,0.00293,0.06533,0.26467,0.1605193
0.14311,0.52783,0.00016,0.06815,0.26075,0.1629614
0.14192,0.52102,0.00297,0.06953,0.26456,0.1602878
0.14556,0.52652,0.00041,0.07007,0.25744,0.1597881
0.13444,0.54489,0.00304,0.05699,0.26064,0.1698190
0.12353,0.55675,0.00267,0.04171,0.27535,0.1637086
0.12086,0.56070,0.00303,0.03206,0.28335,0.1651412
0.11595,0.56669,0.00217,0.01709,0.29809,0.1596433
0.12108,0.56191,0.00474,0.03991,0.27235,0.1620852
0.99030,0.00245,0.00294,0.00284,0.00146,0.0001633
0.12133,0.55943,0.00330,0.04262,0.27332,0.1624872
0.11807,0.55884,0.00400,0.04597,0.27312,0.1610707
0.12616,0.55531,0.00048,0.04679,0.27126,0.1619821
0.11903,0.56403,0.00450,0.04684,0.26560,0.1649288
0.12039,0.56265,0.00252,0.04617,0.26827,0.1634422
0.00039,0.69271,0.00025,0.30484,0.00181,0.0754040
0.11568,0.56252,0.00151,0.04891,0.27138,0.1629923
0.12006,0.55848,0.00150,0.05020,0.26976,0.1633765
0.12011,0.56054,0.00206,0.04763,0.26965,0.1647794
0.38498,0.00094,0.61224,0.00045,0.00140,0.1648816
0.31005,0.00129,0.68653,0.00143,0.00070,0.1570811
0.34999,0.00049,0.56424,0.08476,0.00052,0.1323977
0.34368,0.00321,0.55898,0.00274,0.09138,0.1315101
0.11668,0.56692,0.00391,0.04235,0.27014,0.1632042
0.12096,0.55906,0.00144,0.03630,0.28224,0.1678504
0.00409,0.00043,0.00027,0.99487,0.00033,0.0000000
0.12500,0.56035,0.00170,0.01929,0.29365,0.1627805
0.11495,0.55766,0.00302,0.03897,0.28541,0.1698485
0.11464,0.55872,0.00020,0.02562,0.30082,0.1685790
0.10180,0.56222,0.00485,0.00203,0.32910,0.1652191
0.49529,0.00169,0.00137,0.00453,0.49711,0.0000466
0.10376,0.56128,0.00292,0.00134,0.33069,0.1645803
0.13532,0.36218,0.00437,0.49789,0.00024,0.0593136
0.10820,0.55817,0.00167,0.00337,0.32859,0.1584823
0.09938,0.57166,0.00174,0.03101,0.29622,0.1637217
0.10331,0.55777,0.00202,0.03841,0.29849,0.1609115
0.12203,0.57709,0.00064,0.00067,0.29957,0.1655806
0.12099,0.58210,0.00182,0.00269,0.29240,0.1642330
0.12398,0.57831,0.00101,0.00241,0.29429,0.1619441
0.10593,0.57314,0.00228,0.02521,0.29344,0.1644004
0.10402,0.57752,0.00288,0.02641,0.28917,0.1664545
0.10023,0.58277,0.00243,0.02098,0.29360,0.1684751
0.08634,0.60193,0.00343,0.00752,0.30078,0.1624612
0.09892,0.58246,0.00263,0.02541,0.29058,0.1589017
0.12554,0.57350,0.00234,0.00135,0.29727,0.1640914
0.12604,0.57247,0.00257,0.00219,0.29674,0.1612222
0.10734,0.56092,0.00090,0.03379,0.29705,0.1642392
0.10969,0.56150,0.00019,0.03309,0.29553,0.1652495
0.10599,0.56143,0.00128,0.03676,0.29453,0.1659013
0.09814,0.56282,0.00318,0.03886,0.29700,0.1698000
0.09333,0.56029,0.00201,0.04144,0.30293,0.1668083
0.08710,0.55913,0.00399,0.04045,0.30933,0.1651448
0.58882,0.00186,0.00482,0.40148,0.00303,0.0015268
0.09534,0.55946,0.00054,0.03851,0.30615,0.1616786
0.08963,0.56869,0.00333,0.03799,0.30037,0.1609680
0.10233,0.55599,0.00277,0.03946,0.29945,0.1616717
0.10461,0.55808,0.00136,0.03660,0.29935,0.1689272
0.09443,0.55978,0.00494,0.03903,0.30182,0.1610175
0.09559,0.56716,0.00386,0.04045,0.29294,0.1610750
0.10916,0.55616,0.00102,0.03269,0.30096,0.1642925
0.09908,0.57427,0.00455,0.03609,0.28601,0.1621982
0.11239,0.55328,0.00096,0.02730,0.30607,0.1654829
0.11376,0.55333,0.00052,0.02910,0.30329,0.1661939
0.11476,0.54846,0.00153,0.02967,0.30557,0.1667732
0.11078,0.54357,0.00436,0.02684,0.31445,0.1637677
0.11208,0.53969,0.00480,0.03101,0.31242,0.1627098
0.11543,0.54847,0.00184,0.02622,0.30803,0.1705913
0.11758,0.54506,0.00117,0.02154,0.31465,0.1598764
0.11130,0.55075,0.00099,0.03024,0.30672,0.1668011
0.11160,0.54323,0.00402,0.03257,0.30858,0.1593006
0.12412,0.56041,0.00246,0.00401,0.30900,0.1574071
0.10030,0.55712,0.00105,0.04450,0.29702,0.1630171
0.09818,0.56025,0.00382,0.04642,0.29133,0.1570181
0.11264,0.55729,0.00034,0.03509,0.29464,0.1648314
0.10288,0.56442,0.00470,0.03935,0.28866,0.1669143
0.10527,0.56147,0.00148,0.03996,0.29182,0.1615542
0.10932,0.55742,0.00163,0.03779,0.29383,0.1611249
0.10187,0.57196,0.00423,0.03753,0.28441,0.1620141
0.11203,0.55500,0.00156,0.03423,0.29719,0.1622615
0.10941,0.56066,0.00212,0.03513,0.29267,0.1657459
0.10791,0.56509,0.00268,0.03442,0.28990,0.1579624
0.11545,0.55153,0.00207,0.03273,0.29822,0.1671405
0.41956,0.00127,0.57171,0.00332,0.00414,0.1673845
0.00158,0.57270,0.00305,0.00468,0.41800,0.1444591
0.42586,0.00232,0.56972,0.00091,0.00120,0.1666344
0.00029,0.38631,0.00143,0.15848,0.45350,0.1150672
0.00090,0.52784,0.11347,0.09626,0.26152,0.1590723
0.00433,0.45111,0.14594,0.14572,0.25291,0.1464729
0.07857,0.56309,0.05106,0.04379,0.26349,0.1599379
0.46396,0.00169,0.52697,0.00397,0.00341,0.1603920
0.08041,0.56434,0.05014,0.04251,0.26259,0.1629601
0.62924,0.36153,0.00303,0.00161,0.00458,0.0434254
0.00306,0.00269,0.99091,0.00226,0.00108,0.0658268
0.07839,0.56224,0.04496,0.04751,0.26691,0.1589198
0.14240,0.58391,0.00007,0.00109,0.27253,0.1687438
0.13857,0.58967,0.00347,0.00407,0.26422,0.1584200
0.00293,0.00091,0.00025,0.60152,0.39439,0.0003089
0.00069,0.59692,0.10053,0.00246,0.29941,0.1601314
0.00136,0.53749,0.17624,0.00082,0.28409,0.1555782
0.40691,0.00146,0.58692,0.00091,0.00379,0.1659412
0.07647,0.62978,0.00210,0.00154,0.29012,0.1635892
0.09496,0.61757,0.00191,0.00183,0.28374,0.1596969
0.40721,0.00488,0.58165,0.00315,0.00310,0.1587986
0.00196,0.59239,0.06912,0.05377,0.28276,0.1522285
0.13099,0.57719,0.00166,0.00262,0.28754,0.1607699
0.00306,0.50720,0.13543,0.00278,0.35153,0.1539080
0.13063,0.57759,0.00297,0.00035,0.28846,0.1595143
0.13316,0.57803,0.00177,0.00234,0.28469,0.1599647
0.00301,0.48887,0.25912,0.00250,0.24649,0.1408025
0.08913,0.57377,0.00214,0.05643,0.27853,0.1626182
0.09557,0.56962,0.04948,0.00001,0.28533,0.1612631
0.00026,0.00395,0.28355,0.00462,0.70763,0.0091199
0.30446,0.68853,0.00240,0.00414,0.00046,0.1080137
0.40492,0.00208,0.58371,0.00439,0.00490,0.1624956
0.09307,0.56469,0.04383,0.02778,0.27063,0.1637912
0.00131,0.00376,0.35868,0.63608,0.00019,0.0251683
0.00271,0.55685,0.08135,0.06503,0.29406,0.1574890
0.30047,0.48337,0.00326,0.20931,0.00359,0.1076068
0.13379,0.58581,0.00123,0.00164,0.27753,0.1655719
