     Ir,     Pd,     Pt,     Rh,     Ru, activity
0.28380,0.02936,0.23060,0.36415,0.09210,0.0297113
0.19498,0.38759,0.00953,0.32605,0.08185,0.1056416
0.18496,0.61069,0.00445,0.18885,0.01105,0.1257250
0.00355,0.68216,0.00286,0.00091,0.31052,0.1377200
0.00160,0.84358,0.00291,0.14789,0.00402,0.0582685
0.22669,0.52361,0.00244,0.00184,0.24542,0.1416144
0.05618,0.52055,0.16919,0.01398,0.24009,0.1532894
0.00448,0.47008,0.07103,0.03924,0.41517,0.1466387
0.05469,0.52092,0.08491,0.08265,0.25684,0.1584222
0.00374,0.52058,0.09773,0.10974,0.26821,0.1567575
0.24099,0.47986,0.24858,0.02958,0.00099,0.0864232
0.07172,0.53301,0.05314,0.07287,0.26927,0.1564294
0.00080,0.53692,0.12588,0.03523,0.30117,0.1521317
0.00263,0.38428,0.20966,0.10617,0.29726,0.1375212
0.07368,0.52853,0.05040,0.07923,0.26816,0.1590894
0.07122,0.53031,0.04867,0.07941,0.27039,0.1641230
0.00059,0.00339,0.00325,0.33356,0.65921,0.0003347
0.08016,0.53702,0.00052,0.11034,0.27196,0.1615544
0.08097,0.53943,0.00462,0.10454,0.27044,0.1639325
0.00060,0.00446,0.84731,0.00190,0.14573,0.0791428
0.00083,0.00486,0.52951,0.00224,0.46255,0.0496826
0.07580,0.53462,0.00479,0.10776,0.27703,0.1545895
0.07714,0.53656,0.02639,0.08747,0.27245,0.1595524
0.07961,0.53298,0.03203,0.08407,0.27130,0.1591150
0.07926,0.53700,0.02497,0.08980,0.26897,0.1636963
0.00126,0.00393,0.64216,0.35025,0.00240,0.0659123
0.08127,0.54061,0.00750,0.09720,0.27341,0.1632287
0.08369,0.54031,0.00474,0.09905,0.27221,0.1729893
0.07671,0.54361,0.00037,0.10620,0.27312,0.1616851
0.07897,0.53970,0.00484,0.10490,0.27158,0.1665870
0.00373,0.37366,0.61639,0.00154,0.00468,0.0651570
0.07510,0.54082,0.00136,0.11159,0.27112,0.1606228
0.08213,0.54029,0.00079,0.10740,0.26939,0.1590674
0.07873,0.54059,0.00362,0.10377,0.27328,0.1602708
0.08501,0.53788,0.00187,0.10296,0.27228,0.1638614
0.00197,0.00296,0.00485,0.98568,0.00454,0.0000002
0.08555,0.54018,0.00268,0.10179,0.26979,0.1666282
0.08726,0.53897,0.00039,0.10280,0.27058,0.1648613
0.08654,0.53795,0.00341,0.09938,0.27272,0.1604706
0.08378,0.53932,0.00313,0.10555,0.26821,0.1612107
0.08636,0.53803,0.00019,0.10141,0.27402,0.1620722
0.08189,0.53722,0.00360,0.10211,0.27518,0.1676274
0.08279,0.53566,0.00318,0.10454,0.27382,0.1678701
0.07803,0.53474,0.00259,0.10713,0.27750,0.1622174
0.07959,0.53674,0.00141,0.10740,0.27486,0.1622068
0.08499,0.53597,0.00215,0.10465,0.27224,0.1610890
0.08350,0.53442,0.00375,0.10263,0.27570,0.1553852
0.08021,0.54302,0.00254,0.10905,0.26517,0.1631091
0.07601,0.54175,0.00466,0.11178,0.26579,0.1578752
0.08898,0.53826,0.00035,0.09292,0.27949,0.1656593
0.09114,0.53432,0.00436,0.08335,0.28684,0.1652162
0.08846,0.53350,0.00334,0.08069,0.29400,0.1650630
0.09073,0.53256,0.00457,0.07727,0.29486,0.1647190
0.09259,0.53282,0.00154,0.07480,0.29825,0.1677981
0.09231,0.53202,0.00369,0.06378,0.30820,0.1590728
0.09251,0.53122,0.00310,0.07965,0.29352,0.1665144
0.09468,0.52711,0.00242,0.07489,0.30090,0.1629710
0.09481,0.53204,0.00180,0.07284,0.29852,0.1588765
0.33660,0.00163,0.65860,0.00232,0.00084,0.1558146
0.31588,0.00324,0.55761,0.00388,0.11938,0.1252878
0.99229,0.00399,0.00063,0.00022,0.00287,0.0000003
0.09504,0.53902,0.00301,0.07358,0.28935,0.1585578
0.09745,0.53318,0.00091,0.08947,0.27900,0.1628925
0.09664,0.52540,0.00460,0.09430,0.27905,0.1637970
0.09659,0.52489,0.00485,0.09207,0.28160,0.1612661
0.42477,0.00199,0.00047,0.00359,0.56919,0.0000023
0.09376,0.54032,0.00223,0.08625,0.27744,0.1584370
0.00166,0.54938,0.00183,0.44569,0.00145,0.0612228
0.09960,0.52442,0.00478,0.09580,0.27541,0.1641313
0.10064,0.52494,0.00152,0.09720,0.27569,0.1600224
0.10072,0.52928,0.00164,0.09624,0.27211,0.1626990
0.09999,0.53427,0.00030,0.09322,0.27223,0.1676035
0.10345,0.53522,0.00284,0.09542,0.26307,0.1637287
0.10542,0.53078,0.00223,0.09810,0.26348,0.1637717
0.25731,0.00331,0.73811,0.00041,0.00087,0.1406505
0.10279,0.53757,0.00346,0.09417,0.26201,0.1588947
0.10293,0.52779,0.00046,0.09645,0.27237,0.1701518
0.10741,0.51354,0.00411,0.09985,0.27509,0.1618105
0.10365,0.52107,0.00328,0.10026,0.27174,0.1673590
0.10710,0.51291,0.00247,0.10352,0.27400,0.1625427
0.10684,0.51236,0.00467,0.10281,0.27332,0.1593306
0.45698,0.00138,0.53911,0.00222,0.00031,0.1654929
0.10374,0.49589,0.00022,0.11213,0.28801,0.1594774
0.11185,0.55498,0.00012,0.08904,0.24401,0.1660936
0.11310,0.55975,0.00496,0.08348,0.23871,0.1665932
0.11419,0.55868,0.00143,0.08697,0.23872,0.1671396
0.44607,0.00165,0.54623,0.00435,0.00170,0.1672149
0.44999,0.00203,0.54735,0.00041,0.00021,0.1653087
0.47901,0.00463,0.51116,0.00463,0.00057,0.1579204
0.41679,0.00336,0.57651,0.00257,0.00077,0.1654012
0.11337,0.56994,0.00343,0.08039,0.23287,0.1614550
0.41847,0.00372,0.57611,0.00141,0.00029,0.1647951
0.39688,0.00198,0.56321,0.03707,0.00086,0.1487354
0.11467,0.56791,0.00251,0.08122,0.23368,0.1654215
0.40449,0.04191,0.55008,0.00047,0.00306,0.1322724
0.00396,0.55800,0.25890,0.12319,0.05596,0.1160218
0.12018,0.57966,0.00143,0.06729,0.23144,0.1604229
0.11959,0.56473,0.00096,0.08390,0.23081,0.1637744
0.16491,0.66183,0.00316,0.00277,0.16733,0.1464226
0.63352,0.00426,0.00173,0.35841,0.00207,0.0005331
0.12388,0.54685,0.00498,0.10005,0.22425,0.1604165
0.00011,0.00406,0.00041,0.66772,0.32770,0.0004699
0.11562,0.55477,0.00147,0.09694,0.23120,0.1644223
0.00350,0.00052,0.00424,0.00146,0.99028,0.0000000
0.11475,0.55708,0.00077,0.09112,0.23628,0.1653971
0.11752,0.55098,0.00341,0.09792,0.23017,0.1647283
0.11934,0.54834,0.00441,0.09628,0.23163,0.1592725
0.10263,0.56061,0.00380,0.05271,0.28025,0.1679349
0.10672,0.56148,0.00157,0.05380,0.27642,0.1681083
0.53109,0.46165,0.00456,0.00195,0.00075,0.0729224
0.00061,0.00162,0.33424,0.66309,0.00045,0.0199105
0.10372,0.56340,0.00162,0.05928,0.27198,0.1606091
0.10314,0.56344,0.00026,0.06502,0.26814,0.1647097
0.10239,0.56192,0.00024,0.06251,0.27294,0.1617369
0.00376,0.00232,0.41058,0.29730,0.28604,0.0242006
0.10391,0.55947,0.00314,0.06381,0.26967,0.1608630
0.10325,0.55840,0.00307,0.06287,0.27242,0.1673676
0.10734,0.56105,0.00039,0.06917,0.26205,0.1612617
0.11433,0.55860,0.00439,0.08363,0.23906,0.1637739
0.10267,0.56193,0.00146,0.06360,0.27035,0.1656015
0.10329,0.55991,0.00313,0.05972,0.27395,0.1680670
0.00049,0.49069,0.23986,0.00369,0.26527,0.1432579
0.10278,0.55903,0.00360,0.05796,0.27664,0.1647483
0.10224,0.55972,0.00334,0.05824,0.27646,0.1653161
0.10279,0.56137,0.00033,0.06443,0.27108,0.1694866
0.10035,0.56231,0.00100,0.05976,0.27657,0.1599709
0.10319,0.55837,0.00175,0.06343,0.27325,0.1683719
0.10311,0.56088,0.00116,0.06160,0.27325,0.1678515
0.10456,0.56179,0.00147,0.06220,0.26998,0.1670503
0.00093,0.32075,0.34778,0.33036,0.00017,0.0628363
0.10515,0.56055,0.00167,0.06194,0.27069,0.1645079
0.10110,0.55991,0.00381,0.05985,0.27533,0.1686329
0.44493,0.00239,0.54846,0.00136,0.00285,0.1653459
0.10254,0.55867,0.00337,0.05420,0.28123,0.1623310
0.09881,0.56269,0.00498,0.04943,0.28409,0.1607324
0.10235,0.56562,0.00020,0.06469,0.26714,0.1604902
0.10322,0.56160,0.00148,0.06025,0.27345,0.1651255
0.10426,0.56219,0.00223,0.05460,0.27671,0.1613121
0.10471,0.55834,0.00223,0.05733,0.27738,0.1639419
0.10222,0.55701,0.00433,0.05051,0.28593,0.1693825
0.10294,0.55618,0.00390,0.05041,0.28657,0.1708826
0.10341,0.55873,0.00258,0.05093,0.28434,0.1646766
0.10482,0.55961,0.00092,0.05180,0.28284,0.1651631
0.10002,0.55771,0.00433,0.04831,0.28963,0.1662810
0.10361,0.55683,0.00107,0.05209,0.28640,0.1612488
0.10156,0.56028,0.00480,0.04935,0.28401,0.1683834
0.10194,0.55799,0.00133,0.05178,0.28696,0.1634911
0.10188,0.55668,0.00290,0.05294,0.28560,0.1595575
0.10525,0.55856,0.00080,0.05672,0.27866,0.1633099
0.10173,0.55765,0.00345,0.05349,0.28369,0.1689755
